65 48 42 20 86 74 45 33 68 14 78 23 99 38 2 98 95 88 5 69 35 25 87 36 12 6 8 52 58 7 0 4 21 3 15 1 32 
48 65 42 20 86 74 45 33 68 14 78 23 99 38 2 98 95 88 5 69 35 25 87 36 12 6 8 52 58 7 0 4 21 3 15 1 32 
48 42 65 20 86 74 45 33 68 14 78 23 99 38 2 98 95 88 5 69 35 25 87 36 12 6 8 52 58 7 0 4 21 3 15 1 32 
42 48 65 20 86 74 45 33 68 14 78 23 99 38 2 98 95 88 5 69 35 25 87 36 12 6 8 52 58 7 0 4 21 3 15 1 32 
42 48 20 65 86 74 45 33 68 14 78 23 99 38 2 98 95 88 5 69 35 25 87 36 12 6 8 52 58 7 0 4 21 3 15 1 32 
42 20 48 65 86 74 45 33 68 14 78 23 99 38 2 98 95 88 5 69 35 25 87 36 12 6 8 52 58 7 0 4 21 3 15 1 32 
20 42 48 65 86 74 45 33 68 14 78 23 99 38 2 98 95 88 5 69 35 25 87 36 12 6 8 52 58 7 0 4 21 3 15 1 32 
20 42 48 65 74 86 45 33 68 14 78 23 99 38 2 98 95 88 5 69 35 25 87 36 12 6 8 52 58 7 0 4 21 3 15 1 32 
20 42 48 65 74 45 86 33 68 14 78 23 99 38 2 98 95 88 5 69 35 25 87 36 12 6 8 52 58 7 0 4 21 3 15 1 32 
20 42 48 65 45 74 86 33 68 14 78 23 99 38 2 98 95 88 5 69 35 25 87 36 12 6 8 52 58 7 0 4 21 3 15 1 32 
20 42 48 45 65 74 86 33 68 14 78 23 99 38 2 98 95 88 5 69 35 25 87 36 12 6 8 52 58 7 0 4 21 3 15 1 32 
20 42 45 48 65 74 86 33 68 14 78 23 99 38 2 98 95 88 5 69 35 25 87 36 12 6 8 52 58 7 0 4 21 3 15 1 32 
20 42 45 48 65 74 33 86 68 14 78 23 99 38 2 98 95 88 5 69 35 25 87 36 12 6 8 52 58 7 0 4 21 3 15 1 32 
20 42 45 48 65 33 74 86 68 14 78 23 99 38 2 98 95 88 5 69 35 25 87 36 12 6 8 52 58 7 0 4 21 3 15 1 32 
20 42 45 48 33 65 74 86 68 14 78 23 99 38 2 98 95 88 5 69 35 25 87 36 12 6 8 52 58 7 0 4 21 3 15 1 32 
20 42 45 33 48 65 74 86 68 14 78 23 99 38 2 98 95 88 5 69 35 25 87 36 12 6 8 52 58 7 0 4 21 3 15 1 32 
20 42 33 45 48 65 74 86 68 14 78 23 99 38 2 98 95 88 5 69 35 25 87 36 12 6 8 52 58 7 0 4 21 3 15 1 32 
20 33 42 45 48 65 74 86 68 14 78 23 99 38 2 98 95 88 5 69 35 25 87 36 12 6 8 52 58 7 0 4 21 3 15 1 32 
20 33 42 45 48 65 74 68 86 14 78 23 99 38 2 98 95 88 5 69 35 25 87 36 12 6 8 52 58 7 0 4 21 3 15 1 32 
20 33 42 45 48 65 68 74 86 14 78 23 99 38 2 98 95 88 5 69 35 25 87 36 12 6 8 52 58 7 0 4 21 3 15 1 32 
20 33 42 45 48 65 68 74 14 86 78 23 99 38 2 98 95 88 5 69 35 25 87 36 12 6 8 52 58 7 0 4 21 3 15 1 32 
20 33 42 45 48 65 68 14 74 86 78 23 99 38 2 98 95 88 5 69 35 25 87 36 12 6 8 52 58 7 0 4 21 3 15 1 32 
20 33 42 45 48 65 14 68 74 86 78 23 99 38 2 98 95 88 5 69 35 25 87 36 12 6 8 52 58 7 0 4 21 3 15 1 32 
20 33 42 45 48 14 65 68 74 86 78 23 99 38 2 98 95 88 5 69 35 25 87 36 12 6 8 52 58 7 0 4 21 3 15 1 32 
20 33 42 45 14 48 65 68 74 86 78 23 99 38 2 98 95 88 5 69 35 25 87 36 12 6 8 52 58 7 0 4 21 3 15 1 32 
20 33 42 14 45 48 65 68 74 86 78 23 99 38 2 98 95 88 5 69 35 25 87 36 12 6 8 52 58 7 0 4 21 3 15 1 32 
20 33 14 42 45 48 65 68 74 86 78 23 99 38 2 98 95 88 5 69 35 25 87 36 12 6 8 52 58 7 0 4 21 3 15 1 32 
20 14 33 42 45 48 65 68 74 86 78 23 99 38 2 98 95 88 5 69 35 25 87 36 12 6 8 52 58 7 0 4 21 3 15 1 32 
14 20 33 42 45 48 65 68 74 86 78 23 99 38 2 98 95 88 5 69 35 25 87 36 12 6 8 52 58 7 0 4 21 3 15 1 32 
14 20 33 42 45 48 65 68 74 78 86 23 99 38 2 98 95 88 5 69 35 25 87 36 12 6 8 52 58 7 0 4 21 3 15 1 32 
14 20 33 42 45 48 65 68 74 78 23 86 99 38 2 98 95 88 5 69 35 25 87 36 12 6 8 52 58 7 0 4 21 3 15 1 32 
14 20 33 42 45 48 65 68 74 23 78 86 99 38 2 98 95 88 5 69 35 25 87 36 12 6 8 52 58 7 0 4 21 3 15 1 32 
14 20 33 42 45 48 65 68 23 74 78 86 99 38 2 98 95 88 5 69 35 25 87 36 12 6 8 52 58 7 0 4 21 3 15 1 32 
14 20 33 42 45 48 65 23 68 74 78 86 99 38 2 98 95 88 5 69 35 25 87 36 12 6 8 52 58 7 0 4 21 3 15 1 32 
14 20 33 42 45 48 23 65 68 74 78 86 99 38 2 98 95 88 5 69 35 25 87 36 12 6 8 52 58 7 0 4 21 3 15 1 32 
14 20 33 42 45 23 48 65 68 74 78 86 99 38 2 98 95 88 5 69 35 25 87 36 12 6 8 52 58 7 0 4 21 3 15 1 32 
14 20 33 42 23 45 48 65 68 74 78 86 99 38 2 98 95 88 5 69 35 25 87 36 12 6 8 52 58 7 0 4 21 3 15 1 32 
14 20 33 23 42 45 48 65 68 74 78 86 99 38 2 98 95 88 5 69 35 25 87 36 12 6 8 52 58 7 0 4 21 3 15 1 32 
14 20 23 33 42 45 48 65 68 74 78 86 99 38 2 98 95 88 5 69 35 25 87 36 12 6 8 52 58 7 0 4 21 3 15 1 32 
14 20 23 33 42 45 48 65 68 74 78 86 38 99 2 98 95 88 5 69 35 25 87 36 12 6 8 52 58 7 0 4 21 3 15 1 32 
14 20 23 33 42 45 48 65 68 74 78 38 86 99 2 98 95 88 5 69 35 25 87 36 12 6 8 52 58 7 0 4 21 3 15 1 32 
14 20 23 33 42 45 48 65 68 74 38 78 86 99 2 98 95 88 5 69 35 25 87 36 12 6 8 52 58 7 0 4 21 3 15 1 32 
14 20 23 33 42 45 48 65 68 38 74 78 86 99 2 98 95 88 5 69 35 25 87 36 12 6 8 52 58 7 0 4 21 3 15 1 32 
14 20 23 33 42 45 48 65 38 68 74 78 86 99 2 98 95 88 5 69 35 25 87 36 12 6 8 52 58 7 0 4 21 3 15 1 32 
14 20 23 33 42 45 48 38 65 68 74 78 86 99 2 98 95 88 5 69 35 25 87 36 12 6 8 52 58 7 0 4 21 3 15 1 32 
14 20 23 33 42 45 38 48 65 68 74 78 86 99 2 98 95 88 5 69 35 25 87 36 12 6 8 52 58 7 0 4 21 3 15 1 32 
14 20 23 33 42 38 45 48 65 68 74 78 86 99 2 98 95 88 5 69 35 25 87 36 12 6 8 52 58 7 0 4 21 3 15 1 32 
14 20 23 33 38 42 45 48 65 68 74 78 86 99 2 98 95 88 5 69 35 25 87 36 12 6 8 52 58 7 0 4 21 3 15 1 32 
14 20 23 33 38 42 45 48 65 68 74 78 86 2 99 98 95 88 5 69 35 25 87 36 12 6 8 52 58 7 0 4 21 3 15 1 32 
14 20 23 33 38 42 45 48 65 68 74 78 2 86 99 98 95 88 5 69 35 25 87 36 12 6 8 52 58 7 0 4 21 3 15 1 32 
14 20 23 33 38 42 45 48 65 68 74 2 78 86 99 98 95 88 5 69 35 25 87 36 12 6 8 52 58 7 0 4 21 3 15 1 32 
14 20 23 33 38 42 45 48 65 68 2 74 78 86 99 98 95 88 5 69 35 25 87 36 12 6 8 52 58 7 0 4 21 3 15 1 32 
14 20 23 33 38 42 45 48 65 2 68 74 78 86 99 98 95 88 5 69 35 25 87 36 12 6 8 52 58 7 0 4 21 3 15 1 32 
14 20 23 33 38 42 45 48 2 65 68 74 78 86 99 98 95 88 5 69 35 25 87 36 12 6 8 52 58 7 0 4 21 3 15 1 32 
14 20 23 33 38 42 45 2 48 65 68 74 78 86 99 98 95 88 5 69 35 25 87 36 12 6 8 52 58 7 0 4 21 3 15 1 32 
14 20 23 33 38 42 2 45 48 65 68 74 78 86 99 98 95 88 5 69 35 25 87 36 12 6 8 52 58 7 0 4 21 3 15 1 32 
14 20 23 33 38 2 42 45 48 65 68 74 78 86 99 98 95 88 5 69 35 25 87 36 12 6 8 52 58 7 0 4 21 3 15 1 32 
14 20 23 33 2 38 42 45 48 65 68 74 78 86 99 98 95 88 5 69 35 25 87 36 12 6 8 52 58 7 0 4 21 3 15 1 32 
14 20 23 2 33 38 42 45 48 65 68 74 78 86 99 98 95 88 5 69 35 25 87 36 12 6 8 52 58 7 0 4 21 3 15 1 32 
14 20 2 23 33 38 42 45 48 65 68 74 78 86 99 98 95 88 5 69 35 25 87 36 12 6 8 52 58 7 0 4 21 3 15 1 32 
14 2 20 23 33 38 42 45 48 65 68 74 78 86 99 98 95 88 5 69 35 25 87 36 12 6 8 52 58 7 0 4 21 3 15 1 32 
2 14 20 23 33 38 42 45 48 65 68 74 78 86 99 98 95 88 5 69 35 25 87 36 12 6 8 52 58 7 0 4 21 3 15 1 32 
2 14 20 23 33 38 42 45 48 65 68 74 78 86 98 99 95 88 5 69 35 25 87 36 12 6 8 52 58 7 0 4 21 3 15 1 32 
2 14 20 23 33 38 42 45 48 65 68 74 78 86 98 95 99 88 5 69 35 25 87 36 12 6 8 52 58 7 0 4 21 3 15 1 32 
2 14 20 23 33 38 42 45 48 65 68 74 78 86 95 98 99 88 5 69 35 25 87 36 12 6 8 52 58 7 0 4 21 3 15 1 32 
2 14 20 23 33 38 42 45 48 65 68 74 78 86 95 98 88 99 5 69 35 25 87 36 12 6 8 52 58 7 0 4 21 3 15 1 32 
2 14 20 23 33 38 42 45 48 65 68 74 78 86 95 88 98 99 5 69 35 25 87 36 12 6 8 52 58 7 0 4 21 3 15 1 32 
2 14 20 23 33 38 42 45 48 65 68 74 78 86 88 95 98 99 5 69 35 25 87 36 12 6 8 52 58 7 0 4 21 3 15 1 32 
2 14 20 23 33 38 42 45 48 65 68 74 78 86 88 95 98 5 99 69 35 25 87 36 12 6 8 52 58 7 0 4 21 3 15 1 32 
2 14 20 23 33 38 42 45 48 65 68 74 78 86 88 95 5 98 99 69 35 25 87 36 12 6 8 52 58 7 0 4 21 3 15 1 32 
2 14 20 23 33 38 42 45 48 65 68 74 78 86 88 5 95 98 99 69 35 25 87 36 12 6 8 52 58 7 0 4 21 3 15 1 32 
2 14 20 23 33 38 42 45 48 65 68 74 78 86 5 88 95 98 99 69 35 25 87 36 12 6 8 52 58 7 0 4 21 3 15 1 32 
2 14 20 23 33 38 42 45 48 65 68 74 78 5 86 88 95 98 99 69 35 25 87 36 12 6 8 52 58 7 0 4 21 3 15 1 32 
2 14 20 23 33 38 42 45 48 65 68 74 5 78 86 88 95 98 99 69 35 25 87 36 12 6 8 52 58 7 0 4 21 3 15 1 32 
2 14 20 23 33 38 42 45 48 65 68 5 74 78 86 88 95 98 99 69 35 25 87 36 12 6 8 52 58 7 0 4 21 3 15 1 32 
2 14 20 23 33 38 42 45 48 65 5 68 74 78 86 88 95 98 99 69 35 25 87 36 12 6 8 52 58 7 0 4 21 3 15 1 32 
2 14 20 23 33 38 42 45 48 5 65 68 74 78 86 88 95 98 99 69 35 25 87 36 12 6 8 52 58 7 0 4 21 3 15 1 32 
2 14 20 23 33 38 42 45 5 48 65 68 74 78 86 88 95 98 99 69 35 25 87 36 12 6 8 52 58 7 0 4 21 3 15 1 32 
2 14 20 23 33 38 42 5 45 48 65 68 74 78 86 88 95 98 99 69 35 25 87 36 12 6 8 52 58 7 0 4 21 3 15 1 32 
2 14 20 23 33 38 5 42 45 48 65 68 74 78 86 88 95 98 99 69 35 25 87 36 12 6 8 52 58 7 0 4 21 3 15 1 32 
2 14 20 23 33 5 38 42 45 48 65 68 74 78 86 88 95 98 99 69 35 25 87 36 12 6 8 52 58 7 0 4 21 3 15 1 32 
2 14 20 23 5 33 38 42 45 48 65 68 74 78 86 88 95 98 99 69 35 25 87 36 12 6 8 52 58 7 0 4 21 3 15 1 32 
2 14 20 5 23 33 38 42 45 48 65 68 74 78 86 88 95 98 99 69 35 25 87 36 12 6 8 52 58 7 0 4 21 3 15 1 32 
2 14 5 20 23 33 38 42 45 48 65 68 74 78 86 88 95 98 99 69 35 25 87 36 12 6 8 52 58 7 0 4 21 3 15 1 32 
2 5 14 20 23 33 38 42 45 48 65 68 74 78 86 88 95 98 99 69 35 25 87 36 12 6 8 52 58 7 0 4 21 3 15 1 32 
2 5 14 20 23 33 38 42 45 48 65 68 74 78 86 88 95 98 69 99 35 25 87 36 12 6 8 52 58 7 0 4 21 3 15 1 32 
2 5 14 20 23 33 38 42 45 48 65 68 74 78 86 88 95 69 98 99 35 25 87 36 12 6 8 52 58 7 0 4 21 3 15 1 32 
2 5 14 20 23 33 38 42 45 48 65 68 74 78 86 88 69 95 98 99 35 25 87 36 12 6 8 52 58 7 0 4 21 3 15 1 32 
2 5 14 20 23 33 38 42 45 48 65 68 74 78 86 69 88 95 98 99 35 25 87 36 12 6 8 52 58 7 0 4 21 3 15 1 32 
2 5 14 20 23 33 38 42 45 48 65 68 74 78 69 86 88 95 98 99 35 25 87 36 12 6 8 52 58 7 0 4 21 3 15 1 32 
2 5 14 20 23 33 38 42 45 48 65 68 74 69 78 86 88 95 98 99 35 25 87 36 12 6 8 52 58 7 0 4 21 3 15 1 32 
2 5 14 20 23 33 38 42 45 48 65 68 69 74 78 86 88 95 98 99 35 25 87 36 12 6 8 52 58 7 0 4 21 3 15 1 32 
2 5 14 20 23 33 38 42 45 48 65 68 69 74 78 86 88 95 98 35 99 25 87 36 12 6 8 52 58 7 0 4 21 3 15 1 32 
2 5 14 20 23 33 38 42 45 48 65 68 69 74 78 86 88 95 35 98 99 25 87 36 12 6 8 52 58 7 0 4 21 3 15 1 32 
2 5 14 20 23 33 38 42 45 48 65 68 69 74 78 86 88 35 95 98 99 25 87 36 12 6 8 52 58 7 0 4 21 3 15 1 32 
2 5 14 20 23 33 38 42 45 48 65 68 69 74 78 86 35 88 95 98 99 25 87 36 12 6 8 52 58 7 0 4 21 3 15 1 32 
2 5 14 20 23 33 38 42 45 48 65 68 69 74 78 35 86 88 95 98 99 25 87 36 12 6 8 52 58 7 0 4 21 3 15 1 32 
2 5 14 20 23 33 38 42 45 48 65 68 69 74 35 78 86 88 95 98 99 25 87 36 12 6 8 52 58 7 0 4 21 3 15 1 32 
2 5 14 20 23 33 38 42 45 48 65 68 69 35 74 78 86 88 95 98 99 25 87 36 12 6 8 52 58 7 0 4 21 3 15 1 32 
2 5 14 20 23 33 38 42 45 48 65 68 35 69 74 78 86 88 95 98 99 25 87 36 12 6 8 52 58 7 0 4 21 3 15 1 32 
2 5 14 20 23 33 38 42 45 48 65 35 68 69 74 78 86 88 95 98 99 25 87 36 12 6 8 52 58 7 0 4 21 3 15 1 32 
2 5 14 20 23 33 38 42 45 48 35 65 68 69 74 78 86 88 95 98 99 25 87 36 12 6 8 52 58 7 0 4 21 3 15 1 32 
2 5 14 20 23 33 38 42 45 35 48 65 68 69 74 78 86 88 95 98 99 25 87 36 12 6 8 52 58 7 0 4 21 3 15 1 32 
2 5 14 20 23 33 38 42 35 45 48 65 68 69 74 78 86 88 95 98 99 25 87 36 12 6 8 52 58 7 0 4 21 3 15 1 32 
2 5 14 20 23 33 38 35 42 45 48 65 68 69 74 78 86 88 95 98 99 25 87 36 12 6 8 52 58 7 0 4 21 3 15 1 32 
2 5 14 20 23 33 35 38 42 45 48 65 68 69 74 78 86 88 95 98 99 25 87 36 12 6 8 52 58 7 0 4 21 3 15 1 32 
2 5 14 20 23 33 35 38 42 45 48 65 68 69 74 78 86 88 95 98 25 99 87 36 12 6 8 52 58 7 0 4 21 3 15 1 32 
2 5 14 20 23 33 35 38 42 45 48 65 68 69 74 78 86 88 95 25 98 99 87 36 12 6 8 52 58 7 0 4 21 3 15 1 32 
2 5 14 20 23 33 35 38 42 45 48 65 68 69 74 78 86 88 25 95 98 99 87 36 12 6 8 52 58 7 0 4 21 3 15 1 32 
2 5 14 20 23 33 35 38 42 45 48 65 68 69 74 78 86 25 88 95 98 99 87 36 12 6 8 52 58 7 0 4 21 3 15 1 32 
2 5 14 20 23 33 35 38 42 45 48 65 68 69 74 78 25 86 88 95 98 99 87 36 12 6 8 52 58 7 0 4 21 3 15 1 32 
2 5 14 20 23 33 35 38 42 45 48 65 68 69 74 25 78 86 88 95 98 99 87 36 12 6 8 52 58 7 0 4 21 3 15 1 32 
2 5 14 20 23 33 35 38 42 45 48 65 68 69 25 74 78 86 88 95 98 99 87 36 12 6 8 52 58 7 0 4 21 3 15 1 32 
2 5 14 20 23 33 35 38 42 45 48 65 68 25 69 74 78 86 88 95 98 99 87 36 12 6 8 52 58 7 0 4 21 3 15 1 32 
2 5 14 20 23 33 35 38 42 45 48 65 25 68 69 74 78 86 88 95 98 99 87 36 12 6 8 52 58 7 0 4 21 3 15 1 32 
2 5 14 20 23 33 35 38 42 45 48 25 65 68 69 74 78 86 88 95 98 99 87 36 12 6 8 52 58 7 0 4 21 3 15 1 32 
2 5 14 20 23 33 35 38 42 45 25 48 65 68 69 74 78 86 88 95 98 99 87 36 12 6 8 52 58 7 0 4 21 3 15 1 32 
2 5 14 20 23 33 35 38 42 25 45 48 65 68 69 74 78 86 88 95 98 99 87 36 12 6 8 52 58 7 0 4 21 3 15 1 32 
2 5 14 20 23 33 35 38 25 42 45 48 65 68 69 74 78 86 88 95 98 99 87 36 12 6 8 52 58 7 0 4 21 3 15 1 32 
2 5 14 20 23 33 35 25 38 42 45 48 65 68 69 74 78 86 88 95 98 99 87 36 12 6 8 52 58 7 0 4 21 3 15 1 32 
2 5 14 20 23 33 25 35 38 42 45 48 65 68 69 74 78 86 88 95 98 99 87 36 12 6 8 52 58 7 0 4 21 3 15 1 32 
2 5 14 20 23 25 33 35 38 42 45 48 65 68 69 74 78 86 88 95 98 99 87 36 12 6 8 52 58 7 0 4 21 3 15 1 32 
2 5 14 20 23 25 33 35 38 42 45 48 65 68 69 74 78 86 88 95 98 87 99 36 12 6 8 52 58 7 0 4 21 3 15 1 32 
2 5 14 20 23 25 33 35 38 42 45 48 65 68 69 74 78 86 88 95 87 98 99 36 12 6 8 52 58 7 0 4 21 3 15 1 32 
2 5 14 20 23 25 33 35 38 42 45 48 65 68 69 74 78 86 88 87 95 98 99 36 12 6 8 52 58 7 0 4 21 3 15 1 32 
2 5 14 20 23 25 33 35 38 42 45 48 65 68 69 74 78 86 87 88 95 98 99 36 12 6 8 52 58 7 0 4 21 3 15 1 32 
2 5 14 20 23 25 33 35 38 42 45 48 65 68 69 74 78 86 87 88 95 98 36 99 12 6 8 52 58 7 0 4 21 3 15 1 32 
2 5 14 20 23 25 33 35 38 42 45 48 65 68 69 74 78 86 87 88 95 36 98 99 12 6 8 52 58 7 0 4 21 3 15 1 32 
2 5 14 20 23 25 33 35 38 42 45 48 65 68 69 74 78 86 87 88 36 95 98 99 12 6 8 52 58 7 0 4 21 3 15 1 32 
2 5 14 20 23 25 33 35 38 42 45 48 65 68 69 74 78 86 87 36 88 95 98 99 12 6 8 52 58 7 0 4 21 3 15 1 32 
2 5 14 20 23 25 33 35 38 42 45 48 65 68 69 74 78 86 36 87 88 95 98 99 12 6 8 52 58 7 0 4 21 3 15 1 32 
2 5 14 20 23 25 33 35 38 42 45 48 65 68 69 74 78 36 86 87 88 95 98 99 12 6 8 52 58 7 0 4 21 3 15 1 32 
2 5 14 20 23 25 33 35 38 42 45 48 65 68 69 74 36 78 86 87 88 95 98 99 12 6 8 52 58 7 0 4 21 3 15 1 32 
2 5 14 20 23 25 33 35 38 42 45 48 65 68 69 36 74 78 86 87 88 95 98 99 12 6 8 52 58 7 0 4 21 3 15 1 32 
2 5 14 20 23 25 33 35 38 42 45 48 65 68 36 69 74 78 86 87 88 95 98 99 12 6 8 52 58 7 0 4 21 3 15 1 32 
2 5 14 20 23 25 33 35 38 42 45 48 65 36 68 69 74 78 86 87 88 95 98 99 12 6 8 52 58 7 0 4 21 3 15 1 32 
2 5 14 20 23 25 33 35 38 42 45 48 36 65 68 69 74 78 86 87 88 95 98 99 12 6 8 52 58 7 0 4 21 3 15 1 32 
2 5 14 20 23 25 33 35 38 42 45 36 48 65 68 69 74 78 86 87 88 95 98 99 12 6 8 52 58 7 0 4 21 3 15 1 32 
2 5 14 20 23 25 33 35 38 42 36 45 48 65 68 69 74 78 86 87 88 95 98 99 12 6 8 52 58 7 0 4 21 3 15 1 32 
2 5 14 20 23 25 33 35 38 36 42 45 48 65 68 69 74 78 86 87 88 95 98 99 12 6 8 52 58 7 0 4 21 3 15 1 32 
2 5 14 20 23 25 33 35 36 38 42 45 48 65 68 69 74 78 86 87 88 95 98 99 12 6 8 52 58 7 0 4 21 3 15 1 32 
2 5 14 20 23 25 33 35 36 38 42 45 48 65 68 69 74 78 86 87 88 95 98 12 99 6 8 52 58 7 0 4 21 3 15 1 32 
2 5 14 20 23 25 33 35 36 38 42 45 48 65 68 69 74 78 86 87 88 95 12 98 99 6 8 52 58 7 0 4 21 3 15 1 32 
2 5 14 20 23 25 33 35 36 38 42 45 48 65 68 69 74 78 86 87 88 12 95 98 99 6 8 52 58 7 0 4 21 3 15 1 32 
2 5 14 20 23 25 33 35 36 38 42 45 48 65 68 69 74 78 86 87 12 88 95 98 99 6 8 52 58 7 0 4 21 3 15 1 32 
2 5 14 20 23 25 33 35 36 38 42 45 48 65 68 69 74 78 86 12 87 88 95 98 99 6 8 52 58 7 0 4 21 3 15 1 32 
2 5 14 20 23 25 33 35 36 38 42 45 48 65 68 69 74 78 12 86 87 88 95 98 99 6 8 52 58 7 0 4 21 3 15 1 32 
2 5 14 20 23 25 33 35 36 38 42 45 48 65 68 69 74 12 78 86 87 88 95 98 99 6 8 52 58 7 0 4 21 3 15 1 32 
2 5 14 20 23 25 33 35 36 38 42 45 48 65 68 69 12 74 78 86 87 88 95 98 99 6 8 52 58 7 0 4 21 3 15 1 32 
2 5 14 20 23 25 33 35 36 38 42 45 48 65 68 12 69 74 78 86 87 88 95 98 99 6 8 52 58 7 0 4 21 3 15 1 32 
2 5 14 20 23 25 33 35 36 38 42 45 48 65 12 68 69 74 78 86 87 88 95 98 99 6 8 52 58 7 0 4 21 3 15 1 32 
2 5 14 20 23 25 33 35 36 38 42 45 48 12 65 68 69 74 78 86 87 88 95 98 99 6 8 52 58 7 0 4 21 3 15 1 32 
2 5 14 20 23 25 33 35 36 38 42 45 12 48 65 68 69 74 78 86 87 88 95 98 99 6 8 52 58 7 0 4 21 3 15 1 32 
2 5 14 20 23 25 33 35 36 38 42 12 45 48 65 68 69 74 78 86 87 88 95 98 99 6 8 52 58 7 0 4 21 3 15 1 32 
2 5 14 20 23 25 33 35 36 38 12 42 45 48 65 68 69 74 78 86 87 88 95 98 99 6 8 52 58 7 0 4 21 3 15 1 32 
2 5 14 20 23 25 33 35 36 12 38 42 45 48 65 68 69 74 78 86 87 88 95 98 99 6 8 52 58 7 0 4 21 3 15 1 32 
2 5 14 20 23 25 33 35 12 36 38 42 45 48 65 68 69 74 78 86 87 88 95 98 99 6 8 52 58 7 0 4 21 3 15 1 32 
2 5 14 20 23 25 33 12 35 36 38 42 45 48 65 68 69 74 78 86 87 88 95 98 99 6 8 52 58 7 0 4 21 3 15 1 32 
2 5 14 20 23 25 12 33 35 36 38 42 45 48 65 68 69 74 78 86 87 88 95 98 99 6 8 52 58 7 0 4 21 3 15 1 32 
2 5 14 20 23 12 25 33 35 36 38 42 45 48 65 68 69 74 78 86 87 88 95 98 99 6 8 52 58 7 0 4 21 3 15 1 32 
2 5 14 20 12 23 25 33 35 36 38 42 45 48 65 68 69 74 78 86 87 88 95 98 99 6 8 52 58 7 0 4 21 3 15 1 32 
2 5 14 12 20 23 25 33 35 36 38 42 45 48 65 68 69 74 78 86 87 88 95 98 99 6 8 52 58 7 0 4 21 3 15 1 32 
2 5 12 14 20 23 25 33 35 36 38 42 45 48 65 68 69 74 78 86 87 88 95 98 99 6 8 52 58 7 0 4 21 3 15 1 32 
2 5 12 14 20 23 25 33 35 36 38 42 45 48 65 68 69 74 78 86 87 88 95 98 6 99 8 52 58 7 0 4 21 3 15 1 32 
2 5 12 14 20 23 25 33 35 36 38 42 45 48 65 68 69 74 78 86 87 88 95 6 98 99 8 52 58 7 0 4 21 3 15 1 32 
2 5 12 14 20 23 25 33 35 36 38 42 45 48 65 68 69 74 78 86 87 88 6 95 98 99 8 52 58 7 0 4 21 3 15 1 32 
2 5 12 14 20 23 25 33 35 36 38 42 45 48 65 68 69 74 78 86 87 6 88 95 98 99 8 52 58 7 0 4 21 3 15 1 32 
2 5 12 14 20 23 25 33 35 36 38 42 45 48 65 68 69 74 78 86 6 87 88 95 98 99 8 52 58 7 0 4 21 3 15 1 32 
2 5 12 14 20 23 25 33 35 36 38 42 45 48 65 68 69 74 78 6 86 87 88 95 98 99 8 52 58 7 0 4 21 3 15 1 32 
2 5 12 14 20 23 25 33 35 36 38 42 45 48 65 68 69 74 6 78 86 87 88 95 98 99 8 52 58 7 0 4 21 3 15 1 32 
2 5 12 14 20 23 25 33 35 36 38 42 45 48 65 68 69 6 74 78 86 87 88 95 98 99 8 52 58 7 0 4 21 3 15 1 32 
2 5 12 14 20 23 25 33 35 36 38 42 45 48 65 68 6 69 74 78 86 87 88 95 98 99 8 52 58 7 0 4 21 3 15 1 32 
2 5 12 14 20 23 25 33 35 36 38 42 45 48 65 6 68 69 74 78 86 87 88 95 98 99 8 52 58 7 0 4 21 3 15 1 32 
2 5 12 14 20 23 25 33 35 36 38 42 45 48 6 65 68 69 74 78 86 87 88 95 98 99 8 52 58 7 0 4 21 3 15 1 32 
2 5 12 14 20 23 25 33 35 36 38 42 45 6 48 65 68 69 74 78 86 87 88 95 98 99 8 52 58 7 0 4 21 3 15 1 32 
2 5 12 14 20 23 25 33 35 36 38 42 6 45 48 65 68 69 74 78 86 87 88 95 98 99 8 52 58 7 0 4 21 3 15 1 32 
2 5 12 14 20 23 25 33 35 36 38 6 42 45 48 65 68 69 74 78 86 87 88 95 98 99 8 52 58 7 0 4 21 3 15 1 32 
2 5 12 14 20 23 25 33 35 36 6 38 42 45 48 65 68 69 74 78 86 87 88 95 98 99 8 52 58 7 0 4 21 3 15 1 32 
2 5 12 14 20 23 25 33 35 6 36 38 42 45 48 65 68 69 74 78 86 87 88 95 98 99 8 52 58 7 0 4 21 3 15 1 32 
2 5 12 14 20 23 25 33 6 35 36 38 42 45 48 65 68 69 74 78 86 87 88 95 98 99 8 52 58 7 0 4 21 3 15 1 32 
2 5 12 14 20 23 25 6 33 35 36 38 42 45 48 65 68 69 74 78 86 87 88 95 98 99 8 52 58 7 0 4 21 3 15 1 32 
2 5 12 14 20 23 6 25 33 35 36 38 42 45 48 65 68 69 74 78 86 87 88 95 98 99 8 52 58 7 0 4 21 3 15 1 32 
2 5 12 14 20 6 23 25 33 35 36 38 42 45 48 65 68 69 74 78 86 87 88 95 98 99 8 52 58 7 0 4 21 3 15 1 32 
2 5 12 14 6 20 23 25 33 35 36 38 42 45 48 65 68 69 74 78 86 87 88 95 98 99 8 52 58 7 0 4 21 3 15 1 32 
2 5 12 6 14 20 23 25 33 35 36 38 42 45 48 65 68 69 74 78 86 87 88 95 98 99 8 52 58 7 0 4 21 3 15 1 32 
2 5 6 12 14 20 23 25 33 35 36 38 42 45 48 65 68 69 74 78 86 87 88 95 98 99 8 52 58 7 0 4 21 3 15 1 32 
2 5 6 12 14 20 23 25 33 35 36 38 42 45 48 65 68 69 74 78 86 87 88 95 98 8 99 52 58 7 0 4 21 3 15 1 32 
2 5 6 12 14 20 23 25 33 35 36 38 42 45 48 65 68 69 74 78 86 87 88 95 8 98 99 52 58 7 0 4 21 3 15 1 32 
2 5 6 12 14 20 23 25 33 35 36 38 42 45 48 65 68 69 74 78 86 87 88 8 95 98 99 52 58 7 0 4 21 3 15 1 32 
2 5 6 12 14 20 23 25 33 35 36 38 42 45 48 65 68 69 74 78 86 87 8 88 95 98 99 52 58 7 0 4 21 3 15 1 32 
2 5 6 12 14 20 23 25 33 35 36 38 42 45 48 65 68 69 74 78 86 8 87 88 95 98 99 52 58 7 0 4 21 3 15 1 32 
2 5 6 12 14 20 23 25 33 35 36 38 42 45 48 65 68 69 74 78 8 86 87 88 95 98 99 52 58 7 0 4 21 3 15 1 32 
2 5 6 12 14 20 23 25 33 35 36 38 42 45 48 65 68 69 74 8 78 86 87 88 95 98 99 52 58 7 0 4 21 3 15 1 32 
2 5 6 12 14 20 23 25 33 35 36 38 42 45 48 65 68 69 8 74 78 86 87 88 95 98 99 52 58 7 0 4 21 3 15 1 32 
2 5 6 12 14 20 23 25 33 35 36 38 42 45 48 65 68 8 69 74 78 86 87 88 95 98 99 52 58 7 0 4 21 3 15 1 32 
2 5 6 12 14 20 23 25 33 35 36 38 42 45 48 65 8 68 69 74 78 86 87 88 95 98 99 52 58 7 0 4 21 3 15 1 32 
2 5 6 12 14 20 23 25 33 35 36 38 42 45 48 8 65 68 69 74 78 86 87 88 95 98 99 52 58 7 0 4 21 3 15 1 32 
2 5 6 12 14 20 23 25 33 35 36 38 42 45 8 48 65 68 69 74 78 86 87 88 95 98 99 52 58 7 0 4 21 3 15 1 32 
2 5 6 12 14 20 23 25 33 35 36 38 42 8 45 48 65 68 69 74 78 86 87 88 95 98 99 52 58 7 0 4 21 3 15 1 32 
2 5 6 12 14 20 23 25 33 35 36 38 8 42 45 48 65 68 69 74 78 86 87 88 95 98 99 52 58 7 0 4 21 3 15 1 32 
2 5 6 12 14 20 23 25 33 35 36 8 38 42 45 48 65 68 69 74 78 86 87 88 95 98 99 52 58 7 0 4 21 3 15 1 32 
2 5 6 12 14 20 23 25 33 35 8 36 38 42 45 48 65 68 69 74 78 86 87 88 95 98 99 52 58 7 0 4 21 3 15 1 32 
2 5 6 12 14 20 23 25 33 8 35 36 38 42 45 48 65 68 69 74 78 86 87 88 95 98 99 52 58 7 0 4 21 3 15 1 32 
2 5 6 12 14 20 23 25 8 33 35 36 38 42 45 48 65 68 69 74 78 86 87 88 95 98 99 52 58 7 0 4 21 3 15 1 32 
2 5 6 12 14 20 23 8 25 33 35 36 38 42 45 48 65 68 69 74 78 86 87 88 95 98 99 52 58 7 0 4 21 3 15 1 32 
2 5 6 12 14 20 8 23 25 33 35 36 38 42 45 48 65 68 69 74 78 86 87 88 95 98 99 52 58 7 0 4 21 3 15 1 32 
2 5 6 12 14 8 20 23 25 33 35 36 38 42 45 48 65 68 69 74 78 86 87 88 95 98 99 52 58 7 0 4 21 3 15 1 32 
2 5 6 12 8 14 20 23 25 33 35 36 38 42 45 48 65 68 69 74 78 86 87 88 95 98 99 52 58 7 0 4 21 3 15 1 32 
2 5 6 8 12 14 20 23 25 33 35 36 38 42 45 48 65 68 69 74 78 86 87 88 95 98 99 52 58 7 0 4 21 3 15 1 32 
2 5 6 8 12 14 20 23 25 33 35 36 38 42 45 48 65 68 69 74 78 86 87 88 95 98 52 99 58 7 0 4 21 3 15 1 32 
2 5 6 8 12 14 20 23 25 33 35 36 38 42 45 48 65 68 69 74 78 86 87 88 95 52 98 99 58 7 0 4 21 3 15 1 32 
2 5 6 8 12 14 20 23 25 33 35 36 38 42 45 48 65 68 69 74 78 86 87 88 52 95 98 99 58 7 0 4 21 3 15 1 32 
2 5 6 8 12 14 20 23 25 33 35 36 38 42 45 48 65 68 69 74 78 86 87 52 88 95 98 99 58 7 0 4 21 3 15 1 32 
2 5 6 8 12 14 20 23 25 33 35 36 38 42 45 48 65 68 69 74 78 86 52 87 88 95 98 99 58 7 0 4 21 3 15 1 32 
2 5 6 8 12 14 20 23 25 33 35 36 38 42 45 48 65 68 69 74 78 52 86 87 88 95 98 99 58 7 0 4 21 3 15 1 32 
2 5 6 8 12 14 20 23 25 33 35 36 38 42 45 48 65 68 69 74 52 78 86 87 88 95 98 99 58 7 0 4 21 3 15 1 32 
2 5 6 8 12 14 20 23 25 33 35 36 38 42 45 48 65 68 69 52 74 78 86 87 88 95 98 99 58 7 0 4 21 3 15 1 32 
2 5 6 8 12 14 20 23 25 33 35 36 38 42 45 48 65 68 52 69 74 78 86 87 88 95 98 99 58 7 0 4 21 3 15 1 32 
2 5 6 8 12 14 20 23 25 33 35 36 38 42 45 48 65 52 68 69 74 78 86 87 88 95 98 99 58 7 0 4 21 3 15 1 32 
2 5 6 8 12 14 20 23 25 33 35 36 38 42 45 48 52 65 68 69 74 78 86 87 88 95 98 99 58 7 0 4 21 3 15 1 32 
2 5 6 8 12 14 20 23 25 33 35 36 38 42 45 48 52 65 68 69 74 78 86 87 88 95 98 58 99 7 0 4 21 3 15 1 32 
2 5 6 8 12 14 20 23 25 33 35 36 38 42 45 48 52 65 68 69 74 78 86 87 88 95 58 98 99 7 0 4 21 3 15 1 32 
2 5 6 8 12 14 20 23 25 33 35 36 38 42 45 48 52 65 68 69 74 78 86 87 88 58 95 98 99 7 0 4 21 3 15 1 32 
2 5 6 8 12 14 20 23 25 33 35 36 38 42 45 48 52 65 68 69 74 78 86 87 58 88 95 98 99 7 0 4 21 3 15 1 32 
2 5 6 8 12 14 20 23 25 33 35 36 38 42 45 48 52 65 68 69 74 78 86 58 87 88 95 98 99 7 0 4 21 3 15 1 32 
2 5 6 8 12 14 20 23 25 33 35 36 38 42 45 48 52 65 68 69 74 78 58 86 87 88 95 98 99 7 0 4 21 3 15 1 32 
2 5 6 8 12 14 20 23 25 33 35 36 38 42 45 48 52 65 68 69 74 58 78 86 87 88 95 98 99 7 0 4 21 3 15 1 32 
2 5 6 8 12 14 20 23 25 33 35 36 38 42 45 48 52 65 68 69 58 74 78 86 87 88 95 98 99 7 0 4 21 3 15 1 32 
2 5 6 8 12 14 20 23 25 33 35 36 38 42 45 48 52 65 68 58 69 74 78 86 87 88 95 98 99 7 0 4 21 3 15 1 32 
2 5 6 8 12 14 20 23 25 33 35 36 38 42 45 48 52 65 58 68 69 74 78 86 87 88 95 98 99 7 0 4 21 3 15 1 32 
2 5 6 8 12 14 20 23 25 33 35 36 38 42 45 48 52 58 65 68 69 74 78 86 87 88 95 98 99 7 0 4 21 3 15 1 32 
2 5 6 8 12 14 20 23 25 33 35 36 38 42 45 48 52 58 65 68 69 74 78 86 87 88 95 98 7 99 0 4 21 3 15 1 32 
2 5 6 8 12 14 20 23 25 33 35 36 38 42 45 48 52 58 65 68 69 74 78 86 87 88 95 7 98 99 0 4 21 3 15 1 32 
2 5 6 8 12 14 20 23 25 33 35 36 38 42 45 48 52 58 65 68 69 74 78 86 87 88 7 95 98 99 0 4 21 3 15 1 32 
2 5 6 8 12 14 20 23 25 33 35 36 38 42 45 48 52 58 65 68 69 74 78 86 87 7 88 95 98 99 0 4 21 3 15 1 32 
2 5 6 8 12 14 20 23 25 33 35 36 38 42 45 48 52 58 65 68 69 74 78 86 7 87 88 95 98 99 0 4 21 3 15 1 32 
2 5 6 8 12 14 20 23 25 33 35 36 38 42 45 48 52 58 65 68 69 74 78 7 86 87 88 95 98 99 0 4 21 3 15 1 32 
2 5 6 8 12 14 20 23 25 33 35 36 38 42 45 48 52 58 65 68 69 74 7 78 86 87 88 95 98 99 0 4 21 3 15 1 32 
2 5 6 8 12 14 20 23 25 33 35 36 38 42 45 48 52 58 65 68 69 7 74 78 86 87 88 95 98 99 0 4 21 3 15 1 32 
2 5 6 8 12 14 20 23 25 33 35 36 38 42 45 48 52 58 65 68 7 69 74 78 86 87 88 95 98 99 0 4 21 3 15 1 32 
2 5 6 8 12 14 20 23 25 33 35 36 38 42 45 48 52 58 65 7 68 69 74 78 86 87 88 95 98 99 0 4 21 3 15 1 32 
2 5 6 8 12 14 20 23 25 33 35 36 38 42 45 48 52 58 7 65 68 69 74 78 86 87 88 95 98 99 0 4 21 3 15 1 32 
2 5 6 8 12 14 20 23 25 33 35 36 38 42 45 48 52 7 58 65 68 69 74 78 86 87 88 95 98 99 0 4 21 3 15 1 32 
2 5 6 8 12 14 20 23 25 33 35 36 38 42 45 48 7 52 58 65 68 69 74 78 86 87 88 95 98 99 0 4 21 3 15 1 32 
2 5 6 8 12 14 20 23 25 33 35 36 38 42 45 7 48 52 58 65 68 69 74 78 86 87 88 95 98 99 0 4 21 3 15 1 32 
2 5 6 8 12 14 20 23 25 33 35 36 38 42 7 45 48 52 58 65 68 69 74 78 86 87 88 95 98 99 0 4 21 3 15 1 32 
2 5 6 8 12 14 20 23 25 33 35 36 38 7 42 45 48 52 58 65 68 69 74 78 86 87 88 95 98 99 0 4 21 3 15 1 32 
2 5 6 8 12 14 20 23 25 33 35 36 7 38 42 45 48 52 58 65 68 69 74 78 86 87 88 95 98 99 0 4 21 3 15 1 32 
2 5 6 8 12 14 20 23 25 33 35 7 36 38 42 45 48 52 58 65 68 69 74 78 86 87 88 95 98 99 0 4 21 3 15 1 32 
2 5 6 8 12 14 20 23 25 33 7 35 36 38 42 45 48 52 58 65 68 69 74 78 86 87 88 95 98 99 0 4 21 3 15 1 32 
2 5 6 8 12 14 20 23 25 7 33 35 36 38 42 45 48 52 58 65 68 69 74 78 86 87 88 95 98 99 0 4 21 3 15 1 32 
2 5 6 8 12 14 20 23 7 25 33 35 36 38 42 45 48 52 58 65 68 69 74 78 86 87 88 95 98 99 0 4 21 3 15 1 32 
2 5 6 8 12 14 20 7 23 25 33 35 36 38 42 45 48 52 58 65 68 69 74 78 86 87 88 95 98 99 0 4 21 3 15 1 32 
2 5 6 8 12 14 7 20 23 25 33 35 36 38 42 45 48 52 58 65 68 69 74 78 86 87 88 95 98 99 0 4 21 3 15 1 32 
2 5 6 8 12 7 14 20 23 25 33 35 36 38 42 45 48 52 58 65 68 69 74 78 86 87 88 95 98 99 0 4 21 3 15 1 32 
2 5 6 8 7 12 14 20 23 25 33 35 36 38 42 45 48 52 58 65 68 69 74 78 86 87 88 95 98 99 0 4 21 3 15 1 32 
2 5 6 7 8 12 14 20 23 25 33 35 36 38 42 45 48 52 58 65 68 69 74 78 86 87 88 95 98 99 0 4 21 3 15 1 32 
2 5 6 7 8 12 14 20 23 25 33 35 36 38 42 45 48 52 58 65 68 69 74 78 86 87 88 95 98 0 99 4 21 3 15 1 32 
2 5 6 7 8 12 14 20 23 25 33 35 36 38 42 45 48 52 58 65 68 69 74 78 86 87 88 95 0 98 99 4 21 3 15 1 32 
2 5 6 7 8 12 14 20 23 25 33 35 36 38 42 45 48 52 58 65 68 69 74 78 86 87 88 0 95 98 99 4 21 3 15 1 32 
2 5 6 7 8 12 14 20 23 25 33 35 36 38 42 45 48 52 58 65 68 69 74 78 86 87 0 88 95 98 99 4 21 3 15 1 32 
2 5 6 7 8 12 14 20 23 25 33 35 36 38 42 45 48 52 58 65 68 69 74 78 86 0 87 88 95 98 99 4 21 3 15 1 32 
2 5 6 7 8 12 14 20 23 25 33 35 36 38 42 45 48 52 58 65 68 69 74 78 0 86 87 88 95 98 99 4 21 3 15 1 32 
2 5 6 7 8 12 14 20 23 25 33 35 36 38 42 45 48 52 58 65 68 69 74 0 78 86 87 88 95 98 99 4 21 3 15 1 32 
2 5 6 7 8 12 14 20 23 25 33 35 36 38 42 45 48 52 58 65 68 69 0 74 78 86 87 88 95 98 99 4 21 3 15 1 32 
2 5 6 7 8 12 14 20 23 25 33 35 36 38 42 45 48 52 58 65 68 0 69 74 78 86 87 88 95 98 99 4 21 3 15 1 32 
2 5 6 7 8 12 14 20 23 25 33 35 36 38 42 45 48 52 58 65 0 68 69 74 78 86 87 88 95 98 99 4 21 3 15 1 32 
2 5 6 7 8 12 14 20 23 25 33 35 36 38 42 45 48 52 58 0 65 68 69 74 78 86 87 88 95 98 99 4 21 3 15 1 32 
2 5 6 7 8 12 14 20 23 25 33 35 36 38 42 45 48 52 0 58 65 68 69 74 78 86 87 88 95 98 99 4 21 3 15 1 32 
2 5 6 7 8 12 14 20 23 25 33 35 36 38 42 45 48 0 52 58 65 68 69 74 78 86 87 88 95 98 99 4 21 3 15 1 32 
2 5 6 7 8 12 14 20 23 25 33 35 36 38 42 45 0 48 52 58 65 68 69 74 78 86 87 88 95 98 99 4 21 3 15 1 32 
2 5 6 7 8 12 14 20 23 25 33 35 36 38 42 0 45 48 52 58 65 68 69 74 78 86 87 88 95 98 99 4 21 3 15 1 32 
2 5 6 7 8 12 14 20 23 25 33 35 36 38 0 42 45 48 52 58 65 68 69 74 78 86 87 88 95 98 99 4 21 3 15 1 32 
2 5 6 7 8 12 14 20 23 25 33 35 36 0 38 42 45 48 52 58 65 68 69 74 78 86 87 88 95 98 99 4 21 3 15 1 32 
2 5 6 7 8 12 14 20 23 25 33 35 0 36 38 42 45 48 52 58 65 68 69 74 78 86 87 88 95 98 99 4 21 3 15 1 32 
2 5 6 7 8 12 14 20 23 25 33 0 35 36 38 42 45 48 52 58 65 68 69 74 78 86 87 88 95 98 99 4 21 3 15 1 32 
2 5 6 7 8 12 14 20 23 25 0 33 35 36 38 42 45 48 52 58 65 68 69 74 78 86 87 88 95 98 99 4 21 3 15 1 32 
2 5 6 7 8 12 14 20 23 0 25 33 35 36 38 42 45 48 52 58 65 68 69 74 78 86 87 88 95 98 99 4 21 3 15 1 32 
2 5 6 7 8 12 14 20 0 23 25 33 35 36 38 42 45 48 52 58 65 68 69 74 78 86 87 88 95 98 99 4 21 3 15 1 32 
2 5 6 7 8 12 14 0 20 23 25 33 35 36 38 42 45 48 52 58 65 68 69 74 78 86 87 88 95 98 99 4 21 3 15 1 32 
2 5 6 7 8 12 0 14 20 23 25 33 35 36 38 42 45 48 52 58 65 68 69 74 78 86 87 88 95 98 99 4 21 3 15 1 32 
2 5 6 7 8 0 12 14 20 23 25 33 35 36 38 42 45 48 52 58 65 68 69 74 78 86 87 88 95 98 99 4 21 3 15 1 32 
2 5 6 7 0 8 12 14 20 23 25 33 35 36 38 42 45 48 52 58 65 68 69 74 78 86 87 88 95 98 99 4 21 3 15 1 32 
2 5 6 0 7 8 12 14 20 23 25 33 35 36 38 42 45 48 52 58 65 68 69 74 78 86 87 88 95 98 99 4 21 3 15 1 32 
2 5 0 6 7 8 12 14 20 23 25 33 35 36 38 42 45 48 52 58 65 68 69 74 78 86 87 88 95 98 99 4 21 3 15 1 32 
2 0 5 6 7 8 12 14 20 23 25 33 35 36 38 42 45 48 52 58 65 68 69 74 78 86 87 88 95 98 99 4 21 3 15 1 32 
0 2 5 6 7 8 12 14 20 23 25 33 35 36 38 42 45 48 52 58 65 68 69 74 78 86 87 88 95 98 99 4 21 3 15 1 32 
0 2 5 6 7 8 12 14 20 23 25 33 35 36 38 42 45 48 52 58 65 68 69 74 78 86 87 88 95 98 4 99 21 3 15 1 32 
0 2 5 6 7 8 12 14 20 23 25 33 35 36 38 42 45 48 52 58 65 68 69 74 78 86 87 88 95 4 98 99 21 3 15 1 32 
0 2 5 6 7 8 12 14 20 23 25 33 35 36 38 42 45 48 52 58 65 68 69 74 78 86 87 88 4 95 98 99 21 3 15 1 32 
0 2 5 6 7 8 12 14 20 23 25 33 35 36 38 42 45 48 52 58 65 68 69 74 78 86 87 4 88 95 98 99 21 3 15 1 32 
0 2 5 6 7 8 12 14 20 23 25 33 35 36 38 42 45 48 52 58 65 68 69 74 78 86 4 87 88 95 98 99 21 3 15 1 32 
0 2 5 6 7 8 12 14 20 23 25 33 35 36 38 42 45 48 52 58 65 68 69 74 78 4 86 87 88 95 98 99 21 3 15 1 32 
0 2 5 6 7 8 12 14 20 23 25 33 35 36 38 42 45 48 52 58 65 68 69 74 4 78 86 87 88 95 98 99 21 3 15 1 32 
0 2 5 6 7 8 12 14 20 23 25 33 35 36 38 42 45 48 52 58 65 68 69 4 74 78 86 87 88 95 98 99 21 3 15 1 32 
0 2 5 6 7 8 12 14 20 23 25 33 35 36 38 42 45 48 52 58 65 68 4 69 74 78 86 87 88 95 98 99 21 3 15 1 32 
0 2 5 6 7 8 12 14 20 23 25 33 35 36 38 42 45 48 52 58 65 4 68 69 74 78 86 87 88 95 98 99 21 3 15 1 32 
0 2 5 6 7 8 12 14 20 23 25 33 35 36 38 42 45 48 52 58 4 65 68 69 74 78 86 87 88 95 98 99 21 3 15 1 32 
0 2 5 6 7 8 12 14 20 23 25 33 35 36 38 42 45 48 52 4 58 65 68 69 74 78 86 87 88 95 98 99 21 3 15 1 32 
0 2 5 6 7 8 12 14 20 23 25 33 35 36 38 42 45 48 4 52 58 65 68 69 74 78 86 87 88 95 98 99 21 3 15 1 32 
0 2 5 6 7 8 12 14 20 23 25 33 35 36 38 42 45 4 48 52 58 65 68 69 74 78 86 87 88 95 98 99 21 3 15 1 32 
0 2 5 6 7 8 12 14 20 23 25 33 35 36 38 42 4 45 48 52 58 65 68 69 74 78 86 87 88 95 98 99 21 3 15 1 32 
0 2 5 6 7 8 12 14 20 23 25 33 35 36 38 4 42 45 48 52 58 65 68 69 74 78 86 87 88 95 98 99 21 3 15 1 32 
0 2 5 6 7 8 12 14 20 23 25 33 35 36 4 38 42 45 48 52 58 65 68 69 74 78 86 87 88 95 98 99 21 3 15 1 32 
0 2 5 6 7 8 12 14 20 23 25 33 35 4 36 38 42 45 48 52 58 65 68 69 74 78 86 87 88 95 98 99 21 3 15 1 32 
0 2 5 6 7 8 12 14 20 23 25 33 4 35 36 38 42 45 48 52 58 65 68 69 74 78 86 87 88 95 98 99 21 3 15 1 32 
0 2 5 6 7 8 12 14 20 23 25 4 33 35 36 38 42 45 48 52 58 65 68 69 74 78 86 87 88 95 98 99 21 3 15 1 32 
0 2 5 6 7 8 12 14 20 23 4 25 33 35 36 38 42 45 48 52 58 65 68 69 74 78 86 87 88 95 98 99 21 3 15 1 32 
0 2 5 6 7 8 12 14 20 4 23 25 33 35 36 38 42 45 48 52 58 65 68 69 74 78 86 87 88 95 98 99 21 3 15 1 32 
0 2 5 6 7 8 12 14 4 20 23 25 33 35 36 38 42 45 48 52 58 65 68 69 74 78 86 87 88 95 98 99 21 3 15 1 32 
0 2 5 6 7 8 12 4 14 20 23 25 33 35 36 38 42 45 48 52 58 65 68 69 74 78 86 87 88 95 98 99 21 3 15 1 32 
0 2 5 6 7 8 4 12 14 20 23 25 33 35 36 38 42 45 48 52 58 65 68 69 74 78 86 87 88 95 98 99 21 3 15 1 32 
0 2 5 6 7 4 8 12 14 20 23 25 33 35 36 38 42 45 48 52 58 65 68 69 74 78 86 87 88 95 98 99 21 3 15 1 32 
0 2 5 6 4 7 8 12 14 20 23 25 33 35 36 38 42 45 48 52 58 65 68 69 74 78 86 87 88 95 98 99 21 3 15 1 32 
0 2 5 4 6 7 8 12 14 20 23 25 33 35 36 38 42 45 48 52 58 65 68 69 74 78 86 87 88 95 98 99 21 3 15 1 32 
0 2 4 5 6 7 8 12 14 20 23 25 33 35 36 38 42 45 48 52 58 65 68 69 74 78 86 87 88 95 98 99 21 3 15 1 32 
0 2 4 5 6 7 8 12 14 20 23 25 33 35 36 38 42 45 48 52 58 65 68 69 74 78 86 87 88 95 98 21 99 3 15 1 32 
0 2 4 5 6 7 8 12 14 20 23 25 33 35 36 38 42 45 48 52 58 65 68 69 74 78 86 87 88 95 21 98 99 3 15 1 32 
0 2 4 5 6 7 8 12 14 20 23 25 33 35 36 38 42 45 48 52 58 65 68 69 74 78 86 87 88 21 95 98 99 3 15 1 32 
0 2 4 5 6 7 8 12 14 20 23 25 33 35 36 38 42 45 48 52 58 65 68 69 74 78 86 87 21 88 95 98 99 3 15 1 32 
0 2 4 5 6 7 8 12 14 20 23 25 33 35 36 38 42 45 48 52 58 65 68 69 74 78 86 21 87 88 95 98 99 3 15 1 32 
0 2 4 5 6 7 8 12 14 20 23 25 33 35 36 38 42 45 48 52 58 65 68 69 74 78 21 86 87 88 95 98 99 3 15 1 32 
0 2 4 5 6 7 8 12 14 20 23 25 33 35 36 38 42 45 48 52 58 65 68 69 74 21 78 86 87 88 95 98 99 3 15 1 32 
0 2 4 5 6 7 8 12 14 20 23 25 33 35 36 38 42 45 48 52 58 65 68 69 21 74 78 86 87 88 95 98 99 3 15 1 32 
0 2 4 5 6 7 8 12 14 20 23 25 33 35 36 38 42 45 48 52 58 65 68 21 69 74 78 86 87 88 95 98 99 3 15 1 32 
0 2 4 5 6 7 8 12 14 20 23 25 33 35 36 38 42 45 48 52 58 65 21 68 69 74 78 86 87 88 95 98 99 3 15 1 32 
0 2 4 5 6 7 8 12 14 20 23 25 33 35 36 38 42 45 48 52 58 21 65 68 69 74 78 86 87 88 95 98 99 3 15 1 32 
0 2 4 5 6 7 8 12 14 20 23 25 33 35 36 38 42 45 48 52 21 58 65 68 69 74 78 86 87 88 95 98 99 3 15 1 32 
0 2 4 5 6 7 8 12 14 20 23 25 33 35 36 38 42 45 48 21 52 58 65 68 69 74 78 86 87 88 95 98 99 3 15 1 32 
0 2 4 5 6 7 8 12 14 20 23 25 33 35 36 38 42 45 21 48 52 58 65 68 69 74 78 86 87 88 95 98 99 3 15 1 32 
0 2 4 5 6 7 8 12 14 20 23 25 33 35 36 38 42 21 45 48 52 58 65 68 69 74 78 86 87 88 95 98 99 3 15 1 32 
0 2 4 5 6 7 8 12 14 20 23 25 33 35 36 38 21 42 45 48 52 58 65 68 69 74 78 86 87 88 95 98 99 3 15 1 32 
0 2 4 5 6 7 8 12 14 20 23 25 33 35 36 21 38 42 45 48 52 58 65 68 69 74 78 86 87 88 95 98 99 3 15 1 32 
0 2 4 5 6 7 8 12 14 20 23 25 33 35 21 36 38 42 45 48 52 58 65 68 69 74 78 86 87 88 95 98 99 3 15 1 32 
0 2 4 5 6 7 8 12 14 20 23 25 33 21 35 36 38 42 45 48 52 58 65 68 69 74 78 86 87 88 95 98 99 3 15 1 32 
0 2 4 5 6 7 8 12 14 20 23 25 21 33 35 36 38 42 45 48 52 58 65 68 69 74 78 86 87 88 95 98 99 3 15 1 32 
0 2 4 5 6 7 8 12 14 20 23 21 25 33 35 36 38 42 45 48 52 58 65 68 69 74 78 86 87 88 95 98 99 3 15 1 32 
0 2 4 5 6 7 8 12 14 20 21 23 25 33 35 36 38 42 45 48 52 58 65 68 69 74 78 86 87 88 95 98 99 3 15 1 32 
0 2 4 5 6 7 8 12 14 20 21 23 25 33 35 36 38 42 45 48 52 58 65 68 69 74 78 86 87 88 95 98 3 99 15 1 32 
0 2 4 5 6 7 8 12 14 20 21 23 25 33 35 36 38 42 45 48 52 58 65 68 69 74 78 86 87 88 95 3 98 99 15 1 32 
0 2 4 5 6 7 8 12 14 20 21 23 25 33 35 36 38 42 45 48 52 58 65 68 69 74 78 86 87 88 3 95 98 99 15 1 32 
0 2 4 5 6 7 8 12 14 20 21 23 25 33 35 36 38 42 45 48 52 58 65 68 69 74 78 86 87 3 88 95 98 99 15 1 32 
0 2 4 5 6 7 8 12 14 20 21 23 25 33 35 36 38 42 45 48 52 58 65 68 69 74 78 86 3 87 88 95 98 99 15 1 32 
0 2 4 5 6 7 8 12 14 20 21 23 25 33 35 36 38 42 45 48 52 58 65 68 69 74 78 3 86 87 88 95 98 99 15 1 32 
0 2 4 5 6 7 8 12 14 20 21 23 25 33 35 36 38 42 45 48 52 58 65 68 69 74 3 78 86 87 88 95 98 99 15 1 32 
0 2 4 5 6 7 8 12 14 20 21 23 25 33 35 36 38 42 45 48 52 58 65 68 69 3 74 78 86 87 88 95 98 99 15 1 32 
0 2 4 5 6 7 8 12 14 20 21 23 25 33 35 36 38 42 45 48 52 58 65 68 3 69 74 78 86 87 88 95 98 99 15 1 32 
0 2 4 5 6 7 8 12 14 20 21 23 25 33 35 36 38 42 45 48 52 58 65 3 68 69 74 78 86 87 88 95 98 99 15 1 32 
0 2 4 5 6 7 8 12 14 20 21 23 25 33 35 36 38 42 45 48 52 58 3 65 68 69 74 78 86 87 88 95 98 99 15 1 32 
0 2 4 5 6 7 8 12 14 20 21 23 25 33 35 36 38 42 45 48 52 3 58 65 68 69 74 78 86 87 88 95 98 99 15 1 32 
0 2 4 5 6 7 8 12 14 20 21 23 25 33 35 36 38 42 45 48 3 52 58 65 68 69 74 78 86 87 88 95 98 99 15 1 32 
0 2 4 5 6 7 8 12 14 20 21 23 25 33 35 36 38 42 45 3 48 52 58 65 68 69 74 78 86 87 88 95 98 99 15 1 32 
0 2 4 5 6 7 8 12 14 20 21 23 25 33 35 36 38 42 3 45 48 52 58 65 68 69 74 78 86 87 88 95 98 99 15 1 32 
0 2 4 5 6 7 8 12 14 20 21 23 25 33 35 36 38 3 42 45 48 52 58 65 68 69 74 78 86 87 88 95 98 99 15 1 32 
0 2 4 5 6 7 8 12 14 20 21 23 25 33 35 36 3 38 42 45 48 52 58 65 68 69 74 78 86 87 88 95 98 99 15 1 32 
0 2 4 5 6 7 8 12 14 20 21 23 25 33 35 3 36 38 42 45 48 52 58 65 68 69 74 78 86 87 88 95 98 99 15 1 32 
0 2 4 5 6 7 8 12 14 20 21 23 25 33 3 35 36 38 42 45 48 52 58 65 68 69 74 78 86 87 88 95 98 99 15 1 32 
0 2 4 5 6 7 8 12 14 20 21 23 25 3 33 35 36 38 42 45 48 52 58 65 68 69 74 78 86 87 88 95 98 99 15 1 32 
0 2 4 5 6 7 8 12 14 20 21 23 3 25 33 35 36 38 42 45 48 52 58 65 68 69 74 78 86 87 88 95 98 99 15 1 32 
0 2 4 5 6 7 8 12 14 20 21 3 23 25 33 35 36 38 42 45 48 52 58 65 68 69 74 78 86 87 88 95 98 99 15 1 32 
0 2 4 5 6 7 8 12 14 20 3 21 23 25 33 35 36 38 42 45 48 52 58 65 68 69 74 78 86 87 88 95 98 99 15 1 32 
0 2 4 5 6 7 8 12 14 3 20 21 23 25 33 35 36 38 42 45 48 52 58 65 68 69 74 78 86 87 88 95 98 99 15 1 32 
0 2 4 5 6 7 8 12 3 14 20 21 23 25 33 35 36 38 42 45 48 52 58 65 68 69 74 78 86 87 88 95 98 99 15 1 32 
0 2 4 5 6 7 8 3 12 14 20 21 23 25 33 35 36 38 42 45 48 52 58 65 68 69 74 78 86 87 88 95 98 99 15 1 32 
0 2 4 5 6 7 3 8 12 14 20 21 23 25 33 35 36 38 42 45 48 52 58 65 68 69 74 78 86 87 88 95 98 99 15 1 32 
0 2 4 5 6 3 7 8 12 14 20 21 23 25 33 35 36 38 42 45 48 52 58 65 68 69 74 78 86 87 88 95 98 99 15 1 32 
0 2 4 5 3 6 7 8 12 14 20 21 23 25 33 35 36 38 42 45 48 52 58 65 68 69 74 78 86 87 88 95 98 99 15 1 32 
0 2 4 3 5 6 7 8 12 14 20 21 23 25 33 35 36 38 42 45 48 52 58 65 68 69 74 78 86 87 88 95 98 99 15 1 32 
0 2 3 4 5 6 7 8 12 14 20 21 23 25 33 35 36 38 42 45 48 52 58 65 68 69 74 78 86 87 88 95 98 99 15 1 32 
0 2 3 4 5 6 7 8 12 14 20 21 23 25 33 35 36 38 42 45 48 52 58 65 68 69 74 78 86 87 88 95 98 15 99 1 32 
0 2 3 4 5 6 7 8 12 14 20 21 23 25 33 35 36 38 42 45 48 52 58 65 68 69 74 78 86 87 88 95 15 98 99 1 32 
0 2 3 4 5 6 7 8 12 14 20 21 23 25 33 35 36 38 42 45 48 52 58 65 68 69 74 78 86 87 88 15 95 98 99 1 32 
0 2 3 4 5 6 7 8 12 14 20 21 23 25 33 35 36 38 42 45 48 52 58 65 68 69 74 78 86 87 15 88 95 98 99 1 32 
0 2 3 4 5 6 7 8 12 14 20 21 23 25 33 35 36 38 42 45 48 52 58 65 68 69 74 78 86 15 87 88 95 98 99 1 32 
0 2 3 4 5 6 7 8 12 14 20 21 23 25 33 35 36 38 42 45 48 52 58 65 68 69 74 78 15 86 87 88 95 98 99 1 32 
0 2 3 4 5 6 7 8 12 14 20 21 23 25 33 35 36 38 42 45 48 52 58 65 68 69 74 15 78 86 87 88 95 98 99 1 32 
0 2 3 4 5 6 7 8 12 14 20 21 23 25 33 35 36 38 42 45 48 52 58 65 68 69 15 74 78 86 87 88 95 98 99 1 32 
0 2 3 4 5 6 7 8 12 14 20 21 23 25 33 35 36 38 42 45 48 52 58 65 68 15 69 74 78 86 87 88 95 98 99 1 32 
0 2 3 4 5 6 7 8 12 14 20 21 23 25 33 35 36 38 42 45 48 52 58 65 15 68 69 74 78 86 87 88 95 98 99 1 32 
0 2 3 4 5 6 7 8 12 14 20 21 23 25 33 35 36 38 42 45 48 52 58 15 65 68 69 74 78 86 87 88 95 98 99 1 32 
0 2 3 4 5 6 7 8 12 14 20 21 23 25 33 35 36 38 42 45 48 52 15 58 65 68 69 74 78 86 87 88 95 98 99 1 32 
0 2 3 4 5 6 7 8 12 14 20 21 23 25 33 35 36 38 42 45 48 15 52 58 65 68 69 74 78 86 87 88 95 98 99 1 32 
0 2 3 4 5 6 7 8 12 14 20 21 23 25 33 35 36 38 42 45 15 48 52 58 65 68 69 74 78 86 87 88 95 98 99 1 32 
0 2 3 4 5 6 7 8 12 14 20 21 23 25 33 35 36 38 42 15 45 48 52 58 65 68 69 74 78 86 87 88 95 98 99 1 32 
0 2 3 4 5 6 7 8 12 14 20 21 23 25 33 35 36 38 15 42 45 48 52 58 65 68 69 74 78 86 87 88 95 98 99 1 32 
0 2 3 4 5 6 7 8 12 14 20 21 23 25 33 35 36 15 38 42 45 48 52 58 65 68 69 74 78 86 87 88 95 98 99 1 32 
0 2 3 4 5 6 7 8 12 14 20 21 23 25 33 35 15 36 38 42 45 48 52 58 65 68 69 74 78 86 87 88 95 98 99 1 32 
0 2 3 4 5 6 7 8 12 14 20 21 23 25 33 15 35 36 38 42 45 48 52 58 65 68 69 74 78 86 87 88 95 98 99 1 32 
0 2 3 4 5 6 7 8 12 14 20 21 23 25 15 33 35 36 38 42 45 48 52 58 65 68 69 74 78 86 87 88 95 98 99 1 32 
0 2 3 4 5 6 7 8 12 14 20 21 23 15 25 33 35 36 38 42 45 48 52 58 65 68 69 74 78 86 87 88 95 98 99 1 32 
0 2 3 4 5 6 7 8 12 14 20 21 15 23 25 33 35 36 38 42 45 48 52 58 65 68 69 74 78 86 87 88 95 98 99 1 32 
0 2 3 4 5 6 7 8 12 14 20 15 21 23 25 33 35 36 38 42 45 48 52 58 65 68 69 74 78 86 87 88 95 98 99 1 32 
0 2 3 4 5 6 7 8 12 14 15 20 21 23 25 33 35 36 38 42 45 48 52 58 65 68 69 74 78 86 87 88 95 98 99 1 32 
0 2 3 4 5 6 7 8 12 14 15 20 21 23 25 33 35 36 38 42 45 48 52 58 65 68 69 74 78 86 87 88 95 98 1 99 32 
0 2 3 4 5 6 7 8 12 14 15 20 21 23 25 33 35 36 38 42 45 48 52 58 65 68 69 74 78 86 87 88 95 1 98 99 32 
0 2 3 4 5 6 7 8 12 14 15 20 21 23 25 33 35 36 38 42 45 48 52 58 65 68 69 74 78 86 87 88 1 95 98 99 32 
0 2 3 4 5 6 7 8 12 14 15 20 21 23 25 33 35 36 38 42 45 48 52 58 65 68 69 74 78 86 87 1 88 95 98 99 32 
0 2 3 4 5 6 7 8 12 14 15 20 21 23 25 33 35 36 38 42 45 48 52 58 65 68 69 74 78 86 1 87 88 95 98 99 32 
0 2 3 4 5 6 7 8 12 14 15 20 21 23 25 33 35 36 38 42 45 48 52 58 65 68 69 74 78 1 86 87 88 95 98 99 32 
0 2 3 4 5 6 7 8 12 14 15 20 21 23 25 33 35 36 38 42 45 48 52 58 65 68 69 74 1 78 86 87 88 95 98 99 32 
0 2 3 4 5 6 7 8 12 14 15 20 21 23 25 33 35 36 38 42 45 48 52 58 65 68 69 1 74 78 86 87 88 95 98 99 32 
0 2 3 4 5 6 7 8 12 14 15 20 21 23 25 33 35 36 38 42 45 48 52 58 65 68 1 69 74 78 86 87 88 95 98 99 32 
0 2 3 4 5 6 7 8 12 14 15 20 21 23 25 33 35 36 38 42 45 48 52 58 65 1 68 69 74 78 86 87 88 95 98 99 32 
0 2 3 4 5 6 7 8 12 14 15 20 21 23 25 33 35 36 38 42 45 48 52 58 1 65 68 69 74 78 86 87 88 95 98 99 32 
0 2 3 4 5 6 7 8 12 14 15 20 21 23 25 33 35 36 38 42 45 48 52 1 58 65 68 69 74 78 86 87 88 95 98 99 32 
0 2 3 4 5 6 7 8 12 14 15 20 21 23 25 33 35 36 38 42 45 48 1 52 58 65 68 69 74 78 86 87 88 95 98 99 32 
0 2 3 4 5 6 7 8 12 14 15 20 21 23 25 33 35 36 38 42 45 1 48 52 58 65 68 69 74 78 86 87 88 95 98 99 32 
0 2 3 4 5 6 7 8 12 14 15 20 21 23 25 33 35 36 38 42 1 45 48 52 58 65 68 69 74 78 86 87 88 95 98 99 32 
0 2 3 4 5 6 7 8 12 14 15 20 21 23 25 33 35 36 38 1 42 45 48 52 58 65 68 69 74 78 86 87 88 95 98 99 32 
0 2 3 4 5 6 7 8 12 14 15 20 21 23 25 33 35 36 1 38 42 45 48 52 58 65 68 69 74 78 86 87 88 95 98 99 32 
0 2 3 4 5 6 7 8 12 14 15 20 21 23 25 33 35 1 36 38 42 45 48 52 58 65 68 69 74 78 86 87 88 95 98 99 32 
0 2 3 4 5 6 7 8 12 14 15 20 21 23 25 33 1 35 36 38 42 45 48 52 58 65 68 69 74 78 86 87 88 95 98 99 32 
0 2 3 4 5 6 7 8 12 14 15 20 21 23 25 1 33 35 36 38 42 45 48 52 58 65 68 69 74 78 86 87 88 95 98 99 32 
0 2 3 4 5 6 7 8 12 14 15 20 21 23 1 25 33 35 36 38 42 45 48 52 58 65 68 69 74 78 86 87 88 95 98 99 32 
0 2 3 4 5 6 7 8 12 14 15 20 21 1 23 25 33 35 36 38 42 45 48 52 58 65 68 69 74 78 86 87 88 95 98 99 32 
0 2 3 4 5 6 7 8 12 14 15 20 1 21 23 25 33 35 36 38 42 45 48 52 58 65 68 69 74 78 86 87 88 95 98 99 32 
0 2 3 4 5 6 7 8 12 14 15 1 20 21 23 25 33 35 36 38 42 45 48 52 58 65 68 69 74 78 86 87 88 95 98 99 32 
0 2 3 4 5 6 7 8 12 14 1 15 20 21 23 25 33 35 36 38 42 45 48 52 58 65 68 69 74 78 86 87 88 95 98 99 32 
0 2 3 4 5 6 7 8 12 1 14 15 20 21 23 25 33 35 36 38 42 45 48 52 58 65 68 69 74 78 86 87 88 95 98 99 32 
0 2 3 4 5 6 7 8 1 12 14 15 20 21 23 25 33 35 36 38 42 45 48 52 58 65 68 69 74 78 86 87 88 95 98 99 32 
0 2 3 4 5 6 7 1 8 12 14 15 20 21 23 25 33 35 36 38 42 45 48 52 58 65 68 69 74 78 86 87 88 95 98 99 32 
0 2 3 4 5 6 1 7 8 12 14 15 20 21 23 25 33 35 36 38 42 45 48 52 58 65 68 69 74 78 86 87 88 95 98 99 32 
0 2 3 4 5 1 6 7 8 12 14 15 20 21 23 25 33 35 36 38 42 45 48 52 58 65 68 69 74 78 86 87 88 95 98 99 32 
0 2 3 4 1 5 6 7 8 12 14 15 20 21 23 25 33 35 36 38 42 45 48 52 58 65 68 69 74 78 86 87 88 95 98 99 32 
0 2 3 1 4 5 6 7 8 12 14 15 20 21 23 25 33 35 36 38 42 45 48 52 58 65 68 69 74 78 86 87 88 95 98 99 32 
0 2 1 3 4 5 6 7 8 12 14 15 20 21 23 25 33 35 36 38 42 45 48 52 58 65 68 69 74 78 86 87 88 95 98 99 32 
0 1 2 3 4 5 6 7 8 12 14 15 20 21 23 25 33 35 36 38 42 45 48 52 58 65 68 69 74 78 86 87 88 95 98 99 32 
0 1 2 3 4 5 6 7 8 12 14 15 20 21 23 25 33 35 36 38 42 45 48 52 58 65 68 69 74 78 86 87 88 95 98 32 99 
0 1 2 3 4 5 6 7 8 12 14 15 20 21 23 25 33 35 36 38 42 45 48 52 58 65 68 69 74 78 86 87 88 95 32 98 99 
0 1 2 3 4 5 6 7 8 12 14 15 20 21 23 25 33 35 36 38 42 45 48 52 58 65 68 69 74 78 86 87 88 32 95 98 99 
0 1 2 3 4 5 6 7 8 12 14 15 20 21 23 25 33 35 36 38 42 45 48 52 58 65 68 69 74 78 86 87 32 88 95 98 99 
0 1 2 3 4 5 6 7 8 12 14 15 20 21 23 25 33 35 36 38 42 45 48 52 58 65 68 69 74 78 86 32 87 88 95 98 99 
0 1 2 3 4 5 6 7 8 12 14 15 20 21 23 25 33 35 36 38 42 45 48 52 58 65 68 69 74 78 32 86 87 88 95 98 99 
0 1 2 3 4 5 6 7 8 12 14 15 20 21 23 25 33 35 36 38 42 45 48 52 58 65 68 69 74 32 78 86 87 88 95 98 99 
0 1 2 3 4 5 6 7 8 12 14 15 20 21 23 25 33 35 36 38 42 45 48 52 58 65 68 69 32 74 78 86 87 88 95 98 99 
0 1 2 3 4 5 6 7 8 12 14 15 20 21 23 25 33 35 36 38 42 45 48 52 58 65 68 32 69 74 78 86 87 88 95 98 99 
0 1 2 3 4 5 6 7 8 12 14 15 20 21 23 25 33 35 36 38 42 45 48 52 58 65 32 68 69 74 78 86 87 88 95 98 99 
0 1 2 3 4 5 6 7 8 12 14 15 20 21 23 25 33 35 36 38 42 45 48 52 58 32 65 68 69 74 78 86 87 88 95 98 99 
0 1 2 3 4 5 6 7 8 12 14 15 20 21 23 25 33 35 36 38 42 45 48 52 32 58 65 68 69 74 78 86 87 88 95 98 99 
0 1 2 3 4 5 6 7 8 12 14 15 20 21 23 25 33 35 36 38 42 45 48 32 52 58 65 68 69 74 78 86 87 88 95 98 99 
0 1 2 3 4 5 6 7 8 12 14 15 20 21 23 25 33 35 36 38 42 45 32 48 52 58 65 68 69 74 78 86 87 88 95 98 99 
0 1 2 3 4 5 6 7 8 12 14 15 20 21 23 25 33 35 36 38 42 32 45 48 52 58 65 68 69 74 78 86 87 88 95 98 99 
0 1 2 3 4 5 6 7 8 12 14 15 20 21 23 25 33 35 36 38 32 42 45 48 52 58 65 68 69 74 78 86 87 88 95 98 99 
0 1 2 3 4 5 6 7 8 12 14 15 20 21 23 25 33 35 36 32 38 42 45 48 52 58 65 68 69 74 78 86 87 88 95 98 99 
0 1 2 3 4 5 6 7 8 12 14 15 20 21 23 25 33 35 32 36 38 42 45 48 52 58 65 68 69 74 78 86 87 88 95 98 99 
0 1 2 3 4 5 6 7 8 12 14 15 20 21 23 25 33 32 35 36 38 42 45 48 52 58 65 68 69 74 78 86 87 88 95 98 99 
0 1 2 3 4 5 6 7 8 12 14 15 20 21 23 25 32 33 35 36 38 42 45 48 52 58 65 68 69 74 78 86 87 88 95 98 99 
