65 48 42 20 86 74 45 33 68 14 78 23 99 38 2 98 95 88 5 69 35 25 87 36 12 6 8 52 58 7 0 4 21 3 15 1 32 
0 48 42 20 86 74 45 33 68 14 78 23 99 38 2 98 95 88 5 69 35 25 87 36 12 6 8 52 58 7 65 4 21 3 15 1 32 
0 1 42 20 86 74 45 33 68 14 78 23 99 38 2 98 95 88 5 69 35 25 87 36 12 6 8 52 58 7 65 4 21 3 15 48 32 
0 1 2 20 86 74 45 33 68 14 78 23 99 38 42 98 95 88 5 69 35 25 87 36 12 6 8 52 58 7 65 4 21 3 15 48 32 
0 1 2 3 86 74 45 33 68 14 78 23 99 38 42 98 95 88 5 69 35 25 87 36 12 6 8 52 58 7 65 4 21 20 15 48 32 
0 1 2 3 4 74 45 33 68 14 78 23 99 38 42 98 95 88 5 69 35 25 87 36 12 6 8 52 58 7 65 86 21 20 15 48 32 
0 1 2 3 4 5 45 33 68 14 78 23 99 38 42 98 95 88 74 69 35 25 87 36 12 6 8 52 58 7 65 86 21 20 15 48 32 
0 1 2 3 4 5 6 33 68 14 78 23 99 38 42 98 95 88 74 69 35 25 87 36 12 45 8 52 58 7 65 86 21 20 15 48 32 
0 1 2 3 4 5 6 7 68 14 78 23 99 38 42 98 95 88 74 69 35 25 87 36 12 45 8 52 58 33 65 86 21 20 15 48 32 
0 1 2 3 4 5 6 7 8 14 78 23 99 38 42 98 95 88 74 69 35 25 87 36 12 45 68 52 58 33 65 86 21 20 15 48 32 
0 1 2 3 4 5 6 7 8 12 78 23 99 38 42 98 95 88 74 69 35 25 87 36 14 45 68 52 58 33 65 86 21 20 15 48 32 
0 1 2 3 4 5 6 7 8 12 14 23 99 38 42 98 95 88 74 69 35 25 87 36 78 45 68 52 58 33 65 86 21 20 15 48 32 
0 1 2 3 4 5 6 7 8 12 14 15 99 38 42 98 95 88 74 69 35 25 87 36 78 45 68 52 58 33 65 86 21 20 23 48 32 
0 1 2 3 4 5 6 7 8 12 14 15 20 38 42 98 95 88 74 69 35 25 87 36 78 45 68 52 58 33 65 86 21 99 23 48 32 
0 1 2 3 4 5 6 7 8 12 14 15 20 21 42 98 95 88 74 69 35 25 87 36 78 45 68 52 58 33 65 86 38 99 23 48 32 
0 1 2 3 4 5 6 7 8 12 14 15 20 21 23 98 95 88 74 69 35 25 87 36 78 45 68 52 58 33 65 86 38 99 42 48 32 
0 1 2 3 4 5 6 7 8 12 14 15 20 21 23 25 95 88 74 69 35 98 87 36 78 45 68 52 58 33 65 86 38 99 42 48 32 
0 1 2 3 4 5 6 7 8 12 14 15 20 21 23 25 32 88 74 69 35 98 87 36 78 45 68 52 58 33 65 86 38 99 42 48 95 
0 1 2 3 4 5 6 7 8 12 14 15 20 21 23 25 32 33 74 69 35 98 87 36 78 45 68 52 58 88 65 86 38 99 42 48 95 
0 1 2 3 4 5 6 7 8 12 14 15 20 21 23 25 32 33 35 69 74 98 87 36 78 45 68 52 58 88 65 86 38 99 42 48 95 
0 1 2 3 4 5 6 7 8 12 14 15 20 21 23 25 32 33 35 36 74 98 87 69 78 45 68 52 58 88 65 86 38 99 42 48 95 
0 1 2 3 4 5 6 7 8 12 14 15 20 21 23 25 32 33 35 36 38 98 87 69 78 45 68 52 58 88 65 86 74 99 42 48 95 
0 1 2 3 4 5 6 7 8 12 14 15 20 21 23 25 32 33 35 36 38 42 87 69 78 45 68 52 58 88 65 86 74 99 98 48 95 
0 1 2 3 4 5 6 7 8 12 14 15 20 21 23 25 32 33 35 36 38 42 45 69 78 87 68 52 58 88 65 86 74 99 98 48 95 
0 1 2 3 4 5 6 7 8 12 14 15 20 21 23 25 32 33 35 36 38 42 45 48 78 87 68 52 58 88 65 86 74 99 98 69 95 
0 1 2 3 4 5 6 7 8 12 14 15 20 21 23 25 32 33 35 36 38 42 45 48 52 87 68 78 58 88 65 86 74 99 98 69 95 
0 1 2 3 4 5 6 7 8 12 14 15 20 21 23 25 32 33 35 36 38 42 45 48 52 58 68 78 87 88 65 86 74 99 98 69 95 
0 1 2 3 4 5 6 7 8 12 14 15 20 21 23 25 32 33 35 36 38 42 45 48 52 58 65 78 87 88 68 86 74 99 98 69 95 
0 1 2 3 4 5 6 7 8 12 14 15 20 21 23 25 32 33 35 36 38 42 45 48 52 58 65 68 87 88 78 86 74 99 98 69 95 
0 1 2 3 4 5 6 7 8 12 14 15 20 21 23 25 32 33 35 36 38 42 45 48 52 58 65 68 69 88 78 86 74 99 98 87 95 
0 1 2 3 4 5 6 7 8 12 14 15 20 21 23 25 32 33 35 36 38 42 45 48 52 58 65 68 69 74 78 86 88 99 98 87 95 
0 1 2 3 4 5 6 7 8 12 14 15 20 21 23 25 32 33 35 36 38 42 45 48 52 58 65 68 69 74 78 86 88 99 98 87 95 
0 1 2 3 4 5 6 7 8 12 14 15 20 21 23 25 32 33 35 36 38 42 45 48 52 58 65 68 69 74 78 86 88 99 98 87 95 
0 1 2 3 4 5 6 7 8 12 14 15 20 21 23 25 32 33 35 36 38 42 45 48 52 58 65 68 69 74 78 86 87 99 98 88 95 
0 1 2 3 4 5 6 7 8 12 14 15 20 21 23 25 32 33 35 36 38 42 45 48 52 58 65 68 69 74 78 86 87 88 98 99 95 
0 1 2 3 4 5 6 7 8 12 14 15 20 21 23 25 32 33 35 36 38 42 45 48 52 58 65 68 69 74 78 86 87 88 95 99 98 
0 1 2 3 4 5 6 7 8 12 14 15 20 21 23 25 32 33 35 36 38 42 45 48 52 58 65 68 69 74 78 86 87 88 95 98 99 
0 1 2 3 4 5 6 7 8 12 14 15 20 21 23 25 32 33 35 36 38 42 45 48 52 58 65 68 69 74 78 86 87 88 95 98 99 
