65 48 42 20 86 74 45 33 68 14 78 23 99 38 2 98 95 88 5 69 35 25 87 36 12 6 8 52 58 7 0 4 21 3 15 1 32 
38 48 42 20 86 74 45 33 68 14 78 23 99 65 2 98 95 88 5 69 35 25 87 36 12 6 8 52 58 7 0 4 21 3 15 1 32 
38 2 42 20 86 74 45 33 68 14 78 23 99 65 48 98 95 88 5 69 35 25 87 36 12 6 8 52 58 7 0 4 21 3 15 1 32 
38 2 42 20 86 5 45 33 68 14 78 23 99 65 48 98 95 88 74 69 35 25 87 36 12 6 8 52 58 7 0 4 21 3 15 1 32 
38 2 42 20 86 5 45 33 25 14 78 23 99 65 48 98 95 88 74 69 35 68 87 36 12 6 8 52 58 7 0 4 21 3 15 1 32 
38 2 42 20 86 5 45 33 25 14 36 23 99 65 48 98 95 88 74 69 35 68 87 78 12 6 8 52 58 7 0 4 21 3 15 1 32 
38 2 42 20 86 5 45 33 25 14 36 12 99 65 48 98 95 88 74 69 35 68 87 78 23 6 8 52 58 7 0 4 21 3 15 1 32 
38 2 42 20 86 5 45 33 25 14 36 12 6 65 48 98 95 88 74 69 35 68 87 78 23 99 8 52 58 7 0 4 21 3 15 1 32 
38 2 42 20 86 5 45 33 25 14 36 12 6 8 48 98 95 88 74 69 35 68 87 78 23 99 65 52 58 7 0 4 21 3 15 1 32 
8 2 42 20 86 5 45 33 25 14 36 12 6 38 48 98 95 88 74 69 35 68 87 78 23 99 65 52 58 7 0 4 21 3 15 1 32 
8 2 42 20 86 5 45 33 25 14 36 12 6 38 48 58 95 88 74 69 35 68 87 78 23 99 65 52 98 7 0 4 21 3 15 1 32 
8 2 42 20 86 5 45 33 25 14 36 12 6 38 48 58 7 88 74 69 35 68 87 78 23 99 65 52 98 95 0 4 21 3 15 1 32 
8 2 42 7 86 5 45 33 25 14 36 12 6 38 48 58 20 88 74 69 35 68 87 78 23 99 65 52 98 95 0 4 21 3 15 1 32 
8 2 42 7 86 5 45 33 25 14 36 12 6 38 48 58 20 0 74 69 35 68 87 78 23 99 65 52 98 95 88 4 21 3 15 1 32 
8 2 42 7 0 5 45 33 25 14 36 12 6 38 48 58 20 86 74 69 35 68 87 78 23 99 65 52 98 95 88 4 21 3 15 1 32 
8 2 42 7 0 5 45 33 25 14 36 12 6 38 48 58 20 86 4 69 35 68 87 78 23 99 65 52 98 95 88 74 21 3 15 1 32 
8 2 42 7 0 4 45 33 25 14 36 12 6 38 48 58 20 86 5 69 35 68 87 78 23 99 65 52 98 95 88 74 21 3 15 1 32 
8 2 42 7 0 4 45 33 25 14 36 12 6 38 48 58 20 86 5 21 35 68 87 78 23 99 65 52 98 95 88 74 69 3 15 1 32 
8 2 42 7 0 4 21 33 25 14 36 12 6 38 48 58 20 86 5 45 35 68 87 78 23 99 65 52 98 95 88 74 69 3 15 1 32 
8 2 42 7 0 4 21 33 25 14 36 12 6 38 48 58 20 86 5 45 3 68 87 78 23 99 65 52 98 95 88 74 69 35 15 1 32 
8 2 42 7 0 4 21 3 25 14 36 12 6 38 48 58 20 86 5 45 33 68 87 78 23 99 65 52 98 95 88 74 69 35 15 1 32 
8 2 42 7 0 4 21 3 25 14 36 12 6 38 48 58 20 86 5 45 33 15 87 78 23 99 65 52 98 95 88 74 69 35 68 1 32 
8 2 42 7 0 4 21 3 15 14 36 12 6 38 48 58 20 86 5 45 33 25 87 78 23 99 65 52 98 95 88 74 69 35 68 1 32 
8 2 42 7 0 4 21 3 15 14 36 12 6 38 48 58 20 86 5 45 33 25 1 78 23 99 65 52 98 95 88 74 69 35 68 87 32 
8 2 42 7 0 4 21 3 15 1 36 12 6 38 48 58 20 86 5 45 33 25 14 78 23 99 65 52 98 95 88 74 69 35 68 87 32 
8 2 42 7 0 4 21 3 15 1 36 12 6 38 48 58 20 86 5 45 33 25 14 32 23 99 65 52 98 95 88 74 69 35 68 87 78 
8 2 42 7 0 4 21 3 15 1 32 12 6 38 48 58 20 86 5 45 33 25 14 36 23 99 65 52 98 95 88 74 69 35 68 87 78 
0 2 42 7 8 4 21 3 15 1 32 12 6 38 48 58 20 86 5 45 33 25 14 36 23 99 65 52 98 95 88 74 69 35 68 87 78 
0 2 21 7 8 4 42 3 15 1 32 12 6 38 48 58 20 86 5 45 33 25 14 36 23 99 65 52 98 95 88 74 69 35 68 87 78 
0 2 21 3 8 4 42 7 15 1 32 12 6 38 48 58 20 86 5 45 33 25 14 36 23 99 65 52 98 95 88 74 69 35 68 87 78 
0 2 21 3 8 1 42 7 15 4 32 12 6 38 48 58 20 86 5 45 33 25 14 36 23 99 65 52 98 95 88 74 69 35 68 87 78 
0 1 21 3 8 2 42 7 15 4 32 12 6 38 48 58 20 86 5 45 33 25 14 36 23 99 65 52 98 95 88 74 69 35 68 87 78 
0 1 21 3 8 2 32 7 15 4 42 12 6 38 48 58 20 86 5 45 33 25 14 36 23 99 65 52 98 95 88 74 69 35 68 87 78 
0 1 21 3 8 2 32 7 6 4 42 12 15 38 48 58 20 86 5 45 33 25 14 36 23 99 65 52 98 95 88 74 69 35 68 87 78 
0 1 21 3 6 2 32 7 8 4 42 12 15 38 48 58 20 86 5 45 33 25 14 36 23 99 65 52 98 95 88 74 69 35 68 87 78 
0 1 21 3 6 2 32 7 8 4 42 12 15 38 5 58 20 86 48 45 33 25 14 36 23 99 65 52 98 95 88 74 69 35 68 87 78 
0 1 21 3 6 2 32 7 8 4 5 12 15 38 42 58 20 86 48 45 33 25 14 36 23 99 65 52 98 95 88 74 69 35 68 87 78 
0 1 21 3 6 2 5 7 8 4 32 12 15 38 42 58 20 86 48 45 33 25 14 36 23 99 65 52 98 95 88 74 69 35 68 87 78 
0 1 5 3 6 2 21 7 8 4 32 12 15 38 42 58 20 86 48 45 33 25 14 36 23 99 65 52 98 95 88 74 69 35 68 87 78 
0 1 5 3 6 2 21 7 8 4 32 12 15 38 42 45 20 86 48 58 33 25 14 36 23 99 65 52 98 95 88 74 69 35 68 87 78 
0 1 5 3 6 2 21 7 8 4 32 12 15 38 42 45 20 25 48 58 33 86 14 36 23 99 65 52 98 95 88 74 69 35 68 87 78 
0 1 5 3 6 2 21 7 8 4 32 12 15 25 42 45 20 38 48 58 33 86 14 36 23 99 65 52 98 95 88 74 69 35 68 87 78 
0 1 5 3 6 2 21 7 8 4 32 12 15 25 42 45 20 38 14 58 33 86 48 36 23 99 65 52 98 95 88 74 69 35 68 87 78 
0 1 5 3 6 2 21 7 8 4 32 12 15 25 14 45 20 38 42 58 33 86 48 36 23 99 65 52 98 95 88 74 69 35 68 87 78 
0 1 5 3 6 2 21 7 8 4 14 12 15 25 32 45 20 38 42 58 33 86 48 36 23 99 65 52 98 95 88 74 69 35 68 87 78 
0 1 5 3 6 2 14 7 8 4 21 12 15 25 32 45 20 38 42 58 33 86 48 36 23 99 65 52 98 95 88 74 69 35 68 87 78 
0 1 5 3 6 2 14 7 8 4 21 12 15 25 32 45 20 38 42 36 33 86 48 58 23 99 65 52 98 95 88 74 69 35 68 87 78 
0 1 5 3 6 2 14 7 8 4 21 12 15 25 32 36 20 38 42 45 33 86 48 58 23 99 65 52 98 95 88 74 69 35 68 87 78 
0 1 5 3 6 2 14 7 8 4 21 12 15 25 32 36 20 38 42 45 23 86 48 58 33 99 65 52 98 95 88 74 69 35 68 87 78 
0 1 5 3 6 2 14 7 8 4 21 12 15 25 32 36 20 38 42 45 23 86 48 52 33 99 65 58 98 95 88 74 69 35 68 87 78 
0 1 5 3 6 2 14 7 8 4 21 12 15 25 32 36 20 38 42 45 23 86 48 52 33 95 65 58 98 99 88 74 69 35 68 87 78 
0 1 5 3 6 2 14 7 8 4 21 12 15 25 32 36 20 38 42 45 23 86 48 52 33 95 65 58 69 99 88 74 98 35 68 87 78 
0 1 5 3 6 2 14 7 8 4 21 12 15 25 32 36 20 38 42 45 23 86 48 52 33 95 65 58 69 35 88 74 98 99 68 87 78 
0 1 5 3 6 2 14 7 8 4 21 12 15 25 32 36 20 38 42 45 23 86 48 52 33 35 65 58 69 95 88 74 98 99 68 87 78 
0 1 5 3 6 2 14 7 8 4 21 12 15 25 32 36 20 38 42 45 23 35 48 52 33 86 65 58 69 95 88 74 98 99 68 87 78 
0 1 5 3 6 2 14 7 8 4 21 12 15 25 32 36 20 35 42 45 23 38 48 52 33 86 65 58 69 95 88 74 98 99 68 87 78 
0 1 5 3 6 2 14 7 8 4 21 12 15 25 32 36 20 35 42 45 23 38 48 52 33 86 65 58 69 95 68 74 98 99 88 87 78 
0 1 5 3 6 2 14 7 8 4 21 12 15 25 32 36 20 35 42 45 23 38 48 52 33 86 65 58 69 95 68 74 78 99 88 87 98 
0 1 3 5 6 2 14 7 8 4 21 12 15 25 32 36 20 35 42 45 23 38 48 52 33 86 65 58 69 95 68 74 78 99 88 87 98 
0 1 3 5 2 6 14 7 8 4 21 12 15 25 32 36 20 35 42 45 23 38 48 52 33 86 65 58 69 95 68 74 78 99 88 87 98 
0 1 3 2 5 6 14 7 8 4 21 12 15 25 32 36 20 35 42 45 23 38 48 52 33 86 65 58 69 95 68 74 78 99 88 87 98 
0 1 2 3 5 6 14 7 8 4 21 12 15 25 32 36 20 35 42 45 23 38 48 52 33 86 65 58 69 95 68 74 78 99 88 87 98 
0 1 2 3 5 6 7 14 8 4 21 12 15 25 32 36 20 35 42 45 23 38 48 52 33 86 65 58 69 95 68 74 78 99 88 87 98 
0 1 2 3 5 6 7 8 14 4 21 12 15 25 32 36 20 35 42 45 23 38 48 52 33 86 65 58 69 95 68 74 78 99 88 87 98 
0 1 2 3 5 6 7 8 4 14 21 12 15 25 32 36 20 35 42 45 23 38 48 52 33 86 65 58 69 95 68 74 78 99 88 87 98 
0 1 2 3 5 6 7 4 8 14 21 12 15 25 32 36 20 35 42 45 23 38 48 52 33 86 65 58 69 95 68 74 78 99 88 87 98 
0 1 2 3 5 6 4 7 8 14 21 12 15 25 32 36 20 35 42 45 23 38 48 52 33 86 65 58 69 95 68 74 78 99 88 87 98 
0 1 2 3 5 4 6 7 8 14 21 12 15 25 32 36 20 35 42 45 23 38 48 52 33 86 65 58 69 95 68 74 78 99 88 87 98 
0 1 2 3 4 5 6 7 8 14 21 12 15 25 32 36 20 35 42 45 23 38 48 52 33 86 65 58 69 95 68 74 78 99 88 87 98 
0 1 2 3 4 5 6 7 8 14 12 21 15 25 32 36 20 35 42 45 23 38 48 52 33 86 65 58 69 95 68 74 78 99 88 87 98 
0 1 2 3 4 5 6 7 8 12 14 21 15 25 32 36 20 35 42 45 23 38 48 52 33 86 65 58 69 95 68 74 78 99 88 87 98 
0 1 2 3 4 5 6 7 8 12 14 15 21 25 32 36 20 35 42 45 23 38 48 52 33 86 65 58 69 95 68 74 78 99 88 87 98 
0 1 2 3 4 5 6 7 8 12 14 15 21 25 32 20 36 35 42 45 23 38 48 52 33 86 65 58 69 95 68 74 78 99 88 87 98 
0 1 2 3 4 5 6 7 8 12 14 15 21 25 20 32 36 35 42 45 23 38 48 52 33 86 65 58 69 95 68 74 78 99 88 87 98 
0 1 2 3 4 5 6 7 8 12 14 15 21 20 25 32 36 35 42 45 23 38 48 52 33 86 65 58 69 95 68 74 78 99 88 87 98 
0 1 2 3 4 5 6 7 8 12 14 15 20 21 25 32 36 35 42 45 23 38 48 52 33 86 65 58 69 95 68 74 78 99 88 87 98 
0 1 2 3 4 5 6 7 8 12 14 15 20 21 25 32 35 36 42 45 23 38 48 52 33 86 65 58 69 95 68 74 78 99 88 87 98 
0 1 2 3 4 5 6 7 8 12 14 15 20 21 25 32 35 36 42 23 45 38 48 52 33 86 65 58 69 95 68 74 78 99 88 87 98 
0 1 2 3 4 5 6 7 8 12 14 15 20 21 25 32 35 36 23 42 45 38 48 52 33 86 65 58 69 95 68 74 78 99 88 87 98 
0 1 2 3 4 5 6 7 8 12 14 15 20 21 25 32 35 23 36 42 45 38 48 52 33 86 65 58 69 95 68 74 78 99 88 87 98 
0 1 2 3 4 5 6 7 8 12 14 15 20 21 25 32 23 35 36 42 45 38 48 52 33 86 65 58 69 95 68 74 78 99 88 87 98 
0 1 2 3 4 5 6 7 8 12 14 15 20 21 25 23 32 35 36 42 45 38 48 52 33 86 65 58 69 95 68 74 78 99 88 87 98 
0 1 2 3 4 5 6 7 8 12 14 15 20 21 23 25 32 35 36 42 45 38 48 52 33 86 65 58 69 95 68 74 78 99 88 87 98 
0 1 2 3 4 5 6 7 8 12 14 15 20 21 23 25 32 35 36 42 38 45 48 52 33 86 65 58 69 95 68 74 78 99 88 87 98 
0 1 2 3 4 5 6 7 8 12 14 15 20 21 23 25 32 35 36 38 42 45 48 52 33 86 65 58 69 95 68 74 78 99 88 87 98 
0 1 2 3 4 5 6 7 8 12 14 15 20 21 23 25 32 35 36 38 42 45 48 33 52 86 65 58 69 95 68 74 78 99 88 87 98 
0 1 2 3 4 5 6 7 8 12 14 15 20 21 23 25 32 35 36 38 42 45 33 48 52 86 65 58 69 95 68 74 78 99 88 87 98 
0 1 2 3 4 5 6 7 8 12 14 15 20 21 23 25 32 35 36 38 42 33 45 48 52 86 65 58 69 95 68 74 78 99 88 87 98 
0 1 2 3 4 5 6 7 8 12 14 15 20 21 23 25 32 35 36 38 33 42 45 48 52 86 65 58 69 95 68 74 78 99 88 87 98 
0 1 2 3 4 5 6 7 8 12 14 15 20 21 23 25 32 35 36 33 38 42 45 48 52 86 65 58 69 95 68 74 78 99 88 87 98 
0 1 2 3 4 5 6 7 8 12 14 15 20 21 23 25 32 35 33 36 38 42 45 48 52 86 65 58 69 95 68 74 78 99 88 87 98 
0 1 2 3 4 5 6 7 8 12 14 15 20 21 23 25 32 33 35 36 38 42 45 48 52 86 65 58 69 95 68 74 78 99 88 87 98 
0 1 2 3 4 5 6 7 8 12 14 15 20 21 23 25 32 33 35 36 38 42 45 48 52 65 86 58 69 95 68 74 78 99 88 87 98 
0 1 2 3 4 5 6 7 8 12 14 15 20 21 23 25 32 33 35 36 38 42 45 48 52 65 58 86 69 95 68 74 78 99 88 87 98 
0 1 2 3 4 5 6 7 8 12 14 15 20 21 23 25 32 33 35 36 38 42 45 48 52 58 65 86 69 95 68 74 78 99 88 87 98 
0 1 2 3 4 5 6 7 8 12 14 15 20 21 23 25 32 33 35 36 38 42 45 48 52 58 65 69 86 95 68 74 78 99 88 87 98 
0 1 2 3 4 5 6 7 8 12 14 15 20 21 23 25 32 33 35 36 38 42 45 48 52 58 65 69 86 68 95 74 78 99 88 87 98 
0 1 2 3 4 5 6 7 8 12 14 15 20 21 23 25 32 33 35 36 38 42 45 48 52 58 65 69 68 86 95 74 78 99 88 87 98 
0 1 2 3 4 5 6 7 8 12 14 15 20 21 23 25 32 33 35 36 38 42 45 48 52 58 65 68 69 86 95 74 78 99 88 87 98 
0 1 2 3 4 5 6 7 8 12 14 15 20 21 23 25 32 33 35 36 38 42 45 48 52 58 65 68 69 86 74 95 78 99 88 87 98 
0 1 2 3 4 5 6 7 8 12 14 15 20 21 23 25 32 33 35 36 38 42 45 48 52 58 65 68 69 74 86 95 78 99 88 87 98 
0 1 2 3 4 5 6 7 8 12 14 15 20 21 23 25 32 33 35 36 38 42 45 48 52 58 65 68 69 74 86 78 95 99 88 87 98 
0 1 2 3 4 5 6 7 8 12 14 15 20 21 23 25 32 33 35 36 38 42 45 48 52 58 65 68 69 74 78 86 95 99 88 87 98 
0 1 2 3 4 5 6 7 8 12 14 15 20 21 23 25 32 33 35 36 38 42 45 48 52 58 65 68 69 74 78 86 95 88 99 87 98 
0 1 2 3 4 5 6 7 8 12 14 15 20 21 23 25 32 33 35 36 38 42 45 48 52 58 65 68 69 74 78 86 88 95 99 87 98 
0 1 2 3 4 5 6 7 8 12 14 15 20 21 23 25 32 33 35 36 38 42 45 48 52 58 65 68 69 74 78 86 88 95 87 99 98 
0 1 2 3 4 5 6 7 8 12 14 15 20 21 23 25 32 33 35 36 38 42 45 48 52 58 65 68 69 74 78 86 88 87 95 99 98 
0 1 2 3 4 5 6 7 8 12 14 15 20 21 23 25 32 33 35 36 38 42 45 48 52 58 65 68 69 74 78 86 87 88 95 99 98 
0 1 2 3 4 5 6 7 8 12 14 15 20 21 23 25 32 33 35 36 38 42 45 48 52 58 65 68 69 74 78 86 87 88 95 98 99 
